# meta:run_trajectory=hover
# meta:run_mode=0
# meta:run_kt=0.008
# meta:run_speed=1.0
# meta:run_reps=1
# meta:run_lap_time_s=20.0000
# meta:run_eval_mode=hlc_e
# meta:indi_kr=1050.0
# meta:indi_kw=87.0
# meta:indi_kr_z=1050.0
# meta:indi_kw_z=87.0
# meta:indi_fc_bw=70.0
# meta:indi_mass=0.0364
# meta:indi_kt1=1.4193e-10
# meta:indi_kt2=1.4534e-10
# meta:indi_kt3=1.4997e-10
# meta:indi_kt4=1.4655e-10
# meta:pos_kp_xy=40.0
# meta:pos_kp_z=30.0
# meta:pos_kv_xy=8.0
# meta:pos_kv_z=7.0
# meta:yaml_stabilizer_controller=6
# meta:yaml_ctrl_mode=0
# meta:takeoff_stabilizer_controller=6
# meta:takeoff_ctrl_mode=0
# meta:trajectory_stabilizer_controller=6
# meta:trajectory_ctrl_mode=0
time_s,x,y,z,vx,vy,vz,roll_deg,pitch_deg,yaw_deg,thrust,vbat,gyro_x,gyro_y,gyro_z,acc_x,acc_y,acc_z,rpm_m1,rpm_m2,rpm_m3,rpm_m4,tau_x,tau_y,tau_z,alp_x,alp_y,alp_z,alp_raw_x,alp_raw_y,alp_raw_z
0.0265,0.07085360586643219,0.18994852900505066,0.03801421448588371,-0.015418902970850468,-0.005385572090744972,0.0014103342546150088,0.36745762825012207,-0.5890706181526184,0.08371920138597488,0.0,3.816422462463379,-0.010753211565315723,0.20930582284927368,0.08663863688707352,-0.01626341976225376,0.005082142539322376,1.0012612342834473,0.0,0.0,0.0,0.0,317.16131591796875,-105.28327941894531,-64.32597351074219,0.866239070892334,1.8095972537994385,0.06027606129646301,-1.0693836212158203,-2.0927093029022217,-1.6969648599624634
0.0365,0.07085233926773071,0.1899476796388626,0.03801390156149864,-0.015488484874367714,-0.005644647870212793,0.0014267086517065763,0.36745762825012207,-0.5890706181526184,0.08371920138597488,0.0,3.816422462463379,-0.010753211565315723,0.20930582284927368,0.08663863688707352,-0.01626341976225376,0.005082142539322376,1.0012612342834473,0.0,0.0,0.0,0.0,317.16131591796875,-105.28327941894531,-64.32597351074219,0.19207918643951416,0.7045599222183228,0.7724960446357727,-0.7761768102645874,-0.08368910849094391,-0.5643836259841919
0.0454,0.07085152715444565,0.1899465173482895,0.03801364824175835,-0.015494528226554394,-0.005687180440872908,0.0013689033221453428,0.36745762825012207,-0.5890706181526184,0.08371920138597488,0.0,3.816422462463379,-0.010753211565315723,0.20930582284927368,0.08663863688707352,-0.01626341976225376,0.005082142539322376,1.0012612342834473,0.0,0.0,0.0,0.0,317.16131591796875,-105.28327941894531,-64.32597351074219,-1.78184974193573,1.1644283533096313,-0.7747459411621094,0.012242932803928852,-1.4263325929641724,-1.526289939880371
0.0525,0.07085108757019043,0.1899459809064865,0.03801342472434044,-0.015504325740039349,-0.00563420495018363,0.00138655595947057,0.36630550026893616,-0.5869907736778259,0.085098996758461,0.0,3.816422462463379,0.18957822024822235,0.3001786768436432,0.2061518430709839,-0.016255410388112068,0.006091677118092775,1.001269817352295,0.0,0.0,0.0,0.0,317.16131591796875,-105.28327941894531,-64.32597351074219,-1.0844991207122803,-1.6073542833328247,-2.150827169418335,2.0884742736816406,1.3708995580673218,2.5033018589019775
0.0554,0.07085062563419342,0.18994620442390442,0.03801354765892029,-0.015594127587974072,-0.005485273897647858,0.001463125110603869,0.36630550026893616,-0.5869907736778259,0.085098996758461,0.0,3.816422462463379,0.18957822024822235,0.3001786768436432,0.2061518430709839,-0.016255410388112068,0.006091677118092775,1.001269817352295,0.0,0.0,0.0,0.0,317.16131591796875,-105.28327941894531,-64.32597351074219,-0.9472543001174927,-0.12387463450431824,-0.46807703375816345,1.26919424533844,-0.2624853849411011,1.7286534309387207
0.0605,0.07084978371858597,0.18994705379009247,0.03801381215453148,-0.015757771208882332,-0.005332469008862972,0.0014703904744237661,0.36630550026893616,-0.5869907736778259,0.085098996758461,0.0,3.816422462463379,0.18957822024822235,0.3001786768436432,0.2061518430709839,-0.016255410388112068,0.006091677118092775,1.001269817352295,0.0,0.0,0.0,0.0,317.16131591796875,-105.28327941894531,-64.32597351074219,-0.9594331383705139,-0.06576213240623474,-1.6549404859542847,1.57180917263031,1.387241244316101,-0.11482647806406021
0.0665,0.07084879279136658,0.18994808197021484,0.03801357373595238,-0.015829473733901978,-0.005234713200479746,0.0013120743678882718,0.36630550026893616,-0.5869907736778259,0.085098996758461,0.0,3.816422462463379,0.18957822024822235,0.3001786768436432,0.2061518430709839,-0.016255410388112068,0.006091677118092775,1.001269817352295,0.0,0.0,0.0,0.0,317.16131591796875,-105.28327941894531,-64.32597351074219,0.8235651254653931,-0.017161421477794647,0.2601003646850586,-1.4783294200897217,-0.28874555230140686,0.1613507866859436
0.0755,0.07084836065769196,0.18994896113872528,0.038013193756341934,-0.01573530212044716,-0.005185282323509455,0.0013626847648993134,0.36630550026893616,-0.5869907736778259,0.085098996758461,0.0,3.816422462463379,0.18957822024822235,0.3001786768436432,0.2061518430709839,-0.016255410388112068,0.006091677118092775,1.001269817352295,0.0,0.0,0.0,0.0,317.16131591796875,-105.28327941894531,-64.32597351074219,-0.681511640548706,-0.08795735239982605,-0.02733159065246582,-0.2815350592136383,-0.12528640031814575,-0.8963221311569214
0.0864,0.07084856182336807,0.18994948267936707,0.038013286888599396,-0.015660185366868973,-0.005193997640162706,0.0014264839701354504,0.3668464124202728,-0.5826554298400879,0.08891820162534714,0.0,3.8111438751220703,-0.14941644668579102,0.3541422486305237,-0.023130539804697037,-0.015734044834971428,0.0037981930654495955,1.0011955499649048,0.0,0.0,0.0,0.0,317.16131591796875,-105.28327941894531,-64.32597351074219,1.4257912635803223,0.6056021451950073,-0.3556053042411804,-0.7094473242759705,1.9657515287399292,-0.2112596333026886
0.0967,0.07084895670413971,0.18994946777820587,0.03801358863711357,-0.01561526209115982,-0.005298621952533722,0.001467459718696773,0.3668464124202728,-0.5826554298400879,0.08891820162534714,0.0,3.8111438751220703,-0.14941644668579102,0.3541422486305237,-0.023130539804697037,-0.015734044834971428,0.0037981930654495955,1.0011955499649048,0.0,0.0,0.0,0.0,317.16131591796875,-105.28327941894531,-64.32597351074219,1.8897053003311157,0.7858064770698547,-0.42508506774902344,-1.1777774095535278,-0.808202862739563,0.9813631772994995
0.1065,0.07084983587265015,0.1899489313364029,0.03801394999027252,-0.015382041223347187,-0.005410423502326012,0.001513472176156938,0.3668464124202728,-0.5826554298400879,0.08891820162534714,0.0,3.8111438751220703,-0.14941644668579102,0.3541422486305237,-0.023130539804697037,-0.015734044834971428,0.0037981930654495955,1.0011955499649048,0.0,0.0,0.0,0.0,317.16131591796875,-105.28327941894531,-64.32597351074219,-0.7638604640960693,0.5562343001365662,0.3558286428451538,-0.7325224280357361,0.8063655495643616,0.5023353695869446
0.1157,0.07085088640451431,0.18994855880737305,0.03801431879401207,-0.015362936072051525,-0.005341526120901108,0.00154648267198354,0.3668464124202728,-0.5826554298400879,0.08891820162534714,0.0,3.8111438751220703,-0.14941644668579102,0.3541422486305237,-0.023130539804697037,-0.015734044834971428,0.0037981930654495955,1.0011955499649048,0.0,0.0,0.0,0.0,317.16131591796875,-105.28327941894531,-64.32597351074219,1.1948035955429077,-0.5895423889160156,-2.0627262592315674,-0.8974065184593201,-0.20771193504333496,1.3976187705993652
0.1265,0.07085119932889938,0.1899491250514984,0.0380147323012352,-0.015462258830666542,-0.005104599520564079,0.0016090284334495664,0.3668464124202728,-0.5826554298400879,0.08891820162534714,0.0,3.8111438751220703,-0.14941644668579102,0.3541422486305237,-0.023130539804697037,-0.015734044834971428,0.0037981930654495955,1.0011955499649048,0.0,0.0,0.0,0.0,317.16131591796875,-105.28327941894531,-64.32597351074219,-0.5030340552330017,-0.3647781312465668,1.6998316049575806,0.29773613810539246,-0.3692540228366852,-0.23059557378292084
0.1365,0.07085087895393372,0.18995049595832825,0.03801519796252251,-0.01555707212537527,-0.0048989043571054935,0.001653676270507276,0.3695276081562042,-0.5806164145469666,0.09032923728227615,0.0,3.8111438751220703,0.14797551929950714,0.12391500920057297,0.09215547889471054,-0.016622265800833702,0.005525670014321804,0.9990466237068176,0.0,0.0,0.0,0.0,317.16131591796875,-105.28327941894531,-64.32597351074219,1.1221683025360107,-0.057123955339193344,-0.8549144864082336,-0.5677711367607117,0.6801576614379883,-0.6147865653038025
0.1456,0.0708504244685173,0.18995177745819092,0.03801519051194191,-0.015582465566694736,-0.00485571101307869,0.001513574505224824,0.3695276081562042,-0.5806164145469666,0.09032923728227615,0.0,3.8111438751220703,0.14797551929950714,0.12391500920057297,0.09215547889471054,-0.016622265800833702,0.005525670014321804,0.9990466237068176,0.0,0.0,0.0,0.0,317.16131591796875,-105.28327941894531,-64.32597351074219,1.2837527990341187,-0.3510819375514984,-0.4667842984199524,-0.2589726150035858,-0.9722357988357544,1.0506629943847656
0.1564,0.07085008919239044,0.18995220959186554,0.038014911115169525,-0.01560490857809782,-0.004976258613169193,0.0015405321028083563,0.3695276081562042,-0.5806164145469666,0.09032923728227615,0.0,3.8111438751220703,0.14797551929950714,0.12391500920057297,0.09215547889471054,-0.016622265800833702,0.005525670014321804,0.9990466237068176,0.0,0.0,0.0,0.0,317.16131591796875,-105.28327941894531,-64.32597351074219,0.9418612718582153,-2.0905046463012695,0.5904697775840759,-0.04851756617426872,1.3144261837005615,-0.407674103975296
0.1665,0.0708501860499382,0.18995191156864166,0.038014769554138184,-0.015475727617740631,-0.005062096286565065,0.0015107758808881044,0.3695276081562042,-0.5806164145469666,0.09032923728227615,0.0,3.8111438751220703,0.14797551929950714,0.12391500920057297,0.09215547889471054,-0.016622265800833702,0.005525670014321804,0.9990466237068176,0.0,0.0,0.0,0.0,317.16131591796875,-105.28327941894531,-64.32597351074219,-0.13704797625541687,0.538415789604187,0.938315749168396,-1.3468303680419922,0.4207540452480316,-2.0991764068603516
0.1765,0.07085106521844864,0.1899513304233551,0.03801454231142998,-0.015263896435499191,-0.0051582083106040955,0.0014762415084987879,0.3695276081562042,-0.5806164145469666,0.09032923728227615,0.0,3.8111438751220703,0.14797551929950714,0.12391500920057297,0.09215547889471054,-0.016622265800833702,0.005525670014321804,0.9990466237068176,0.0,0.0,0.0,0.0,317.16131591796875,-105.28327941894531,-64.32597351074219,0.26678702235221863,0.3301053047180176,-1.2704282999038696,1.0271167755126953,0.6594106554985046,2.387439250946045
0.1865,0.07085202634334564,0.18995022773742676,0.0380142442882061,-0.01526162400841713,-0.005390522535890341,0.0014346232637763023,0.3698183596134186,-0.5756109952926636,0.09227760881185532,0.0,3.8111438751220703,-0.10001855343580246,-0.1716466099023819,0.0055559962056577206,-0.015069873072206974,0.002939343685284257,1.001244068145752,0.0,0.0,0.0,0.0,317.16131591796875,-105.28327941894531,-64.32597351074219,-0.5098314881324768,0.6623630523681641,0.4830971360206604,-1.6104172468185425,-0.31727132201194763,-0.7043182253837585
0.1965,0.07085274159908295,0.18994879722595215,0.03801404684782028,-0.015163394622504711,-0.005520155653357506,0.0014551256317645311,0.3698183596134186,-0.5756109952926636,0.09227760881185532,0.0,3.8111438751220703,-0.10001855343580246,-0.1716466099023819,0.0055559962056577206,-0.015069873072206974,0.002939343685284257,1.001244068145752,0.0,0.0,0.0,0.0,317.16131591796875,-105.28327941894531,-64.32597351074219,-1.908616065979004,-0.4664924740791321,0.17322126030921936,1.2816147804260254,0.02405652590095997,-0.8514245748519897
0.2056,0.0708535686135292,0.1899477243423462,0.0380139984190464,-0.015067174099385738,-0.005542312748730183,0.0014550701016560197,0.3698183596134186,-0.5756109952926636,0.09227760881185532,0.0,3.8111438751220703,-0.10001855343580246,-0.1716466099023819,0.0055559962056577206,-0.015069873072206974,0.002939343685284257,1.001244068145752,0.0,0.0,0.0,0.0,317.16131591796875,-105.28327941894531,-64.32597351074219,-1.9342509508132935,-1.2606679201126099,-0.33190596103668213,1.261137843132019,0.31325238943099976,0.9381560683250427
0.2155,0.07085392624139786,0.18994703888893127,0.03801368921995163,-0.015184719115495682,-0.00558630982413888,0.0013378398725762963,0.3698183596134186,-0.5756109952926636,0.09227760881185532,0.0,3.8111438751220703,-0.10001855343580246,-0.1716466099023819,0.0055559962056577206,-0.015069873072206974,0.002939343685284257,1.001244068145752,0.0,0.0,0.0,0.0,317.16131591796875,-105.28327941894531,-64.32597351074219,-0.3828143775463104,0.24853450059890747,1.0588104724884033,0.5226637721061707,0.6410434246063232,-0.5683774948120117
0.2255,0.07085360586643219,0.1899464875459671,0.03801322355866432,-0.0152682363986969,-0.00562893645837903,0.0013253121869638562,0.3698183596134186,-0.5756109952926636,0.09227760881185532,0.0,3.8111438751220703,-0.10001855343580246,-0.1716466099023819,0.0055559962056577206,-0.015069873072206974,0.002939343685284257,1.001244068145752,0.0,0.0,0.0,0.0,317.16131591796875,-105.28327941894531,-64.32597351074219,-0.7214454412460327,0.8660612106323242,-0.4895867705345154,0.9072578549385071,0.9078356027603149,-0.08581136167049408
0.2365,0.0708530843257904,0.1899459958076477,0.038012899458408356,-0.015331429429352283,-0.005677411798387766,0.001299613737501204,0.3727090358734131,-0.5701203346252441,0.09600211679935455,0.0,3.8111438751220703,-0.26190274953842163,-0.34437742829322815,-0.14845962822437286,-0.017125433310866356,0.004059247672557831,1.0009007453918457,0.0,0.0,0.0,0.0,317.16131591796875,-105.28327941894531,-64.32597351074219,-0.04093127325177193,-0.561450719833374,0.12018248438835144,0.11362018436193466,-1.625181794166565,-0.7737094759941101
0.2465,0.0708523765206337,0.18994562327861786,0.038012679666280746,-0.0154535798355937,-0.00568702956661582,0.0012992329429835081,0.3727090358734131,-0.5701203346252441,0.09600211679935455,0.0,3.8111438751220703,-0.26190274953842163,-0.34437742829322815,-0.14845962822437286,-0.017125433310866356,0.004059247672557831,1.0009007453918457,0.0,0.0,0.0,0.0,317.16131591796875,-105.28327941894531,-64.32597351074219,0.010821845382452011,0.6565725803375244,-1.449753999710083,0.8648910522460938,0.08604756742715836,0.9986443519592285
0.2565,0.07085137814283371,0.1899455487728119,0.038012534379959106,-0.015595770440995693,-0.00563277630135417,0.0012838556431233883,0.3727090358734131,-0.5701203346252441,0.09600211679935455,0.0,3.8111438751220703,-0.26190274953842163,-0.34437742829322815,-0.14845962822437286,-0.017125433310866356,0.004059247672557831,1.0009007453918457,0.0,0.0,0.0,0.0,317.16131591796875,-105.28327941894531,-64.32597351074219,0.49600857496261597,-0.961320161819458,-0.467515766620636,0.27335527539253235,0.4148997664451599,1.2026320695877075
0.2665,0.07085069268941879,0.18994559347629547,0.03801245614886284,-0.015534549951553345,-0.005651442799717188,0.0012965711066499352,0.3727090358734131,-0.5701203346252441,0.09600211679935455,0.0,3.8111438751220703,-0.26190274953842163,-0.34437742829322815,-0.14845962822437286,-0.017125433310866356,0.004059247672557831,1.0009007453918457,0.0,0.0,0.0,0.0,317.16131591796875,-105.28327941894531,-64.32597351074219,-0.4603015184402466,0.6752884387969971,-1.1791048049926758,-0.7175269722938538,0.6480588912963867,0.9648800492286682
0.2766,0.070850670337677,0.189945250749588,0.03801243379712105,-0.01546912919729948,-0.00578050734475255,0.0012906305491924286,0.3727090358734131,-0.5701203346252441,0.09600211679935455,0.0,3.8111438751220703,-0.26190274953842163,-0.34437742829322815,-0.14845962822437286,-0.017125433310866356,0.004059247672557831,1.0009007453918457,0.0,0.0,0.0,0.0,317.16131591796875,-105.28327941894531,-64.32597351074219,0.08869689702987671,0.7264400124549866,-0.665776252746582,0.7811232209205627,-0.7147358059883118,0.03285909444093704
0.2866,0.07085072249174118,0.18994444608688354,0.03801244869828224,-0.015507509000599384,-0.0059083146043121815,0.001306632999330759,0.3709486722946167,-0.5633407831192017,0.0942612886428833,0.0,3.8111438751220703,-0.07744116336107254,0.2683968245983124,0.012736202217638493,-0.016105402261018753,0.0028766302857548,1.001136302947998,0.0,0.0,0.0,0.0,317.16131591796875,-105.28327941894531,-64.32597351074219,-1.6695712804794312,3.910287380218506,0.5356799364089966,0.34350457787513733,-0.9787240624427795,-0.3098130524158478
0.2964,0.07085072994232178,0.18994340300559998,0.03801243007183075,-0.015474824234843254,-0.006045360118150711,0.0012808828614652157,0.3709486722946167,-0.5633407831192017,0.0942612886428833,0.0,3.8111438751220703,-0.07744116336107254,0.2683968245983124,0.012736202217638493,-0.016105402261018753,0.0028766302857548,1.001136302947998,0.0,0.0,0.0,0.0,317.16131591796875,-105.28327941894531,-64.32597351074219,-1.1052234172821045,-1.3428351879119873,-1.420480728149414,4.039290904998779,-0.6573497653007507,1.0235728025436401
0.3055,0.0708511546254158,0.18994250893592834,0.03801225498318672,-0.015336096286773682,-0.006063087377697229,0.0012384557630866766,0.3709486722946167,-0.5633407831192017,0.0942612886428833,0.0,3.8111438751220703,-0.07744116336107254,0.2683968245983124,0.012736202217638493,-0.016105402261018753,0.0028766302857548,1.001136302947998,0.0,0.0,0.0,0.0,317.16131591796875,-105.28327941894531,-64.32597351074219,-0.8618209362030029,-0.14475998282432556,-0.8005415797233582,0.6094664335250854,1.3869600296020508,-0.7139819860458374
0.3165,0.07085169851779938,0.18994200229644775,0.03801221400499344,-0.015339423902332783,-0.006076904479414225,0.0012991108233109117,0.3709486722946167,-0.5633407831192017,0.0942612886428833,0.0,3.8111438751220703,-0.07744116336107254,0.2683968245983124,0.012736202217638493,-0.016105402261018753,0.0028766302857548,1.001136302947998,0.0,0.0,0.0,0.0,317.16131591796875,-105.28327941894531,-64.32597351074219,-0.7254740595817566,-1.913390874862671,-0.21867051720619202,0.4602374732494354,-0.3063892722129822,0.15327519178390503
0.3255,0.070851631462574,0.18994173407554626,0.03801245242357254,-0.015470444224774837,-0.00606907345354557,0.0013449392281472683,0.3709486722946167,-0.5633407831192017,0.0942612886428833,0.0,3.8111438751220703,-0.07744116336107254,0.2683968245983124,0.012736202217638493,-0.016105402261018753,0.0028766302857548,1.001136302947998,0.0,0.0,0.0,0.0,317.16131591796875,-105.28327941894531,-64.32597351074219,-2.794084072113037,0.2780015170574188,-2.7510905265808105,1.1021400690078735,1.3540558815002441,1.013934850692749
0.3365,0.07085154205560684,0.18994149565696716,0.03801276907324791,-0.015364974737167358,-0.006118356715887785,0.0013801545137539506,0.3734220862388611,-0.5654786825180054,0.09722959995269775,-0.20874489843845367,3.6369502544403076,0.2845202386379242,0.06257607787847519,0.2619733512401581,-0.020176829770207405,0.0012171538546681404,1.001757025718689,0.0,0.0,0.0,0.0,317.16131591796875,-105.28327941894531,-64.32597351074219,-0.1851435899734497,1.7735353708267212,2.5724871158599854,2.0945236682891846,-1.7142120599746704,3.0698812007904053
0.3465,0.07085202634334564,0.1899411976337433,0.038013048470020294,-0.01525447890162468,-0.006147708278149366,0.001395407016389072,0.3734220862388611,-0.5654786825180054,0.09722959995269775,-0.20874489843845367,3.6369502544403076,0.2845202386379242,0.06257607787847519,0.2619733512401581,-0.020176829770207405,0.0012171538546681404,1.001757025718689,0.0,0.0,0.0,0.0,317.16131591796875,-105.28327941894531,-64.32597351074219,1.4929991960525513,1.4495383501052856,-4.616094589233398,0.1646641045808792,-1.596055030822754,-1.0972431898117065
0.3565,0.0708523690700531,0.1899411529302597,0.03801349177956581,-0.01532180979847908,-0.00607677036896348,0.0015065983170643449,0.3734220862388611,-0.5654786825180054,0.09722959995269775,-0.20874489843845367,3.6369502544403076,0.2845202386379242,0.06257607787847519,0.2619733512401581,-0.020176829770207405,0.0012171538546681404,1.001757025718689,0.0,0.0,10816.0,6082.0,317.16131591796875,-105.28327941894531,-64.32597351074219,3.2337191104888916,-6.4635515213012695,4.6133880615234375,-1.408909797668457,2.2928359508514404,-1.489751935005188
0.3665,0.07085613161325455,0.18994028866291046,0.03801370784640312,-0.013788623735308647,-0.0064874920062720776,0.0013948744162917137,0.3734220862388611,-0.5654786825180054,0.09722959995269775,-0.20874489843845367,3.6369502544403076,0.2845202386379242,0.06257607787847519,0.2619733512401581,-0.020176829770207405,0.0012171538546681404,1.001757025718689,0.0,0.0,10816.0,6082.0,317.16131591796875,-105.28327941894531,-64.32597351074219,0.9596377611160278,4.681585788726807,8.331764221191406,3.4350414276123047,-7.178286075592041,4.6044511795043945
0.3755,0.07086542248725891,0.18993787467479706,0.038013797253370285,-0.012288135476410389,-0.0068907709792256355,0.0015000951243564487,0.3734220862388611,-0.5654786825180054,0.09722959995269775,-0.20874489843845367,3.6369502544403076,0.2845202386379242,0.06257607787847519,0.2619733512401581,-0.020176829770207405,0.0012171538546681404,1.001757025718689,0.0,0.0,10816.0,6082.0,317.16131591796875,-105.28327941894531,-64.32597351074219,3.5437169075012207,-9.36074161529541,3.9210197925567627,-2.9483487606048584,2.125657081604004,-6.945641994476318
0.3866,0.07087723165750504,0.18993471562862396,0.038014501333236694,-0.010832422412931919,-0.007290758658200502,0.0016659052344039083,0.38166701793670654,-0.5700429677963257,0.09601791203022003,-0.20875491201877594,3.4521994590759277,1.0799007415771484,1.0450620651245117,1.3103054761886597,-0.005490123759955168,-0.008767034858465195,0.992560625076294,0.0,0.0,10816.0,6082.0,317.16131591796875,-105.28327941894531,-64.32597351074219,7.287682056427002,-4.474490165710449,8.409967422485352,2.9013898372650146,5.511240482330322,4.151100158691406
0.3957,0.07089005410671234,0.1899312138557434,0.03801601380109787,-0.009425033815205097,-0.007684882264584303,0.001979940105229616,0.38166701793670654,-0.5700429677963257,0.09601791203022003,-0.20875491201877594,3.4521994590759277,1.0799007415771484,1.0450620651245117,1.3103054761886597,-0.005490123759955168,-0.008767034858465195,0.992560625076294,0.0,0.0,10816.0,6082.0,317.16131591796875,-105.28327941894531,-64.32597351074219,-3.0938730239868164,-3.231611728668213,-6.339128017425537,-0.9164828062057495,-8.813953399658203,-14.362725257873535
0.4056,0.07090316712856293,0.18992754817008972,0.03801826760172844,-0.008051786571741104,-0.008086007088422775,0.0022847207728773355,0.38166701793670654,-0.5700429677963257,0.09601791203022003,-0.20875491201877594,3.4521994590759277,1.0799007415771484,1.0450620651245117,1.3103054761886597,-0.005490123759955168,-0.008767034858465195,0.992560625076294,0.0,0.0,22598.0,14475.0,317.16131591796875,-105.28327941894531,-64.32597351074219,-9.201069831848145,5.185861587524414,-1.3747364282608032,5.908090114593506,-5.925045967102051,6.433501243591309
0.4165,0.07091619819402695,0.18992377817630768,0.03801994025707245,-0.006735838949680328,-0.008487834595143795,0.0022148070856928825,0.38166701793670654,-0.5700429677963257,0.09601791203022003,-0.20875491201877594,3.4521994590759277,1.0799007415771484,1.0450620651245117,1.3103054761886597,-0.005490123759955168,-0.008767034858465195,0.992560625076294,0.0,0.0,22598.0,14475.0,317.16131591796875,-105.28327941894531,-64.32597351074219,9.689010620117188,0.43904247879981995,3.1441469192504883,-5.277306079864502,-7.258700847625732,1.2657716274261475
0.4255,0.0709289088845253,0.18991996347904205,0.038019925355911255,-0.005479528568685055,-0.008885059505701065,0.0019459775649011135,0.38166701793670654,-0.5700429677963257,0.09601791203022003,-0.20875491201877594,3.4521994590759277,1.0799007415771484,1.0450620651245117,1.3103054761886597,-0.005490123759955168,-0.008767034858465195,0.992560625076294,0.0,0.0,22598.0,14475.0,317.16131591796875,-105.28327941894531,-64.32597351074219,4.945355415344238,5.591177940368652,1.562379002571106,-10.112631797790527,3.5532026290893555,9.074092864990234
0.4355,0.07094119489192963,0.18991613388061523,0.03802010789513588,-0.004270046018064022,-0.009291987866163254,0.002292531542479992,0.42584875226020813,-0.5707476735115051,-0.0009749062592163682,-0.20882757008075714,3.5208210945129395,0.48096778988838196,-0.7478082180023193,-2.516106367111206,0.003509146859869361,0.002640180755406618,0.995919942855835,0.0,0.0,22598.0,14475.0,317.16131591796875,-105.28327941894531,-64.32597351074219,1.4684823751449585,1.214644193649292,-3.8864145278930664,-7.156595230102539,-3.545393943786621,-6.854105472564697
0.4455,0.07095303386449814,0.18991224467754364,0.03802042827010155,-0.0031119792256504297,-0.009700436145067215,0.0020415864419192076,0.42584875226020813,-0.5707476735115051,-0.0009749062592163682,-0.20882757008075714,3.5208210945129395,0.48096778988838196,-0.7478082180023193,-2.516106367111206,0.003509146859869361,0.002640180755406618,0.995919942855835,0.0,0.0,22598.0,14475.0,317.16131591796875,-105.28327941894531,-64.32597351074219,-3.352043628692627,7.938354015350342,-7.05419397354126,2.394036293029785,-0.20324531197547913,-6.184093475341797
0.4555,0.07096441835165024,0.18990832567214966,0.03802206367254257,-0.0019984329119324684,-0.01011478528380394,0.0028968648985028267,0.42584875226020813,-0.5707476735115051,-0.0009749062592163682,-0.20882757008075714,3.5208210945129395,0.48096778988838196,-0.7478082180023193,-2.516106367111206,0.003509146859869361,0.002640180755406618,0.995919942855835,0.0,0.0,27894.0,18126.0,317.16131591796875,-105.28327941894531,-64.32597351074219,11.788097381591797,5.479233264923096,-5.868821144104004,2.0368173122406006,-5.240444660186768,-3.8632898330688477
0.4666,0.0709754005074501,0.18939043581485748,0.0380290150642395,-0.000912579067517072,-0.01242469809949398,0.0045440117828547955,0.42584875226020813,-0.5707476735115051,-0.0009749062592163682,-0.20882757008075714,3.5208210945129395,0.48096778988838196,-0.7478082180023193,-2.516106367111206,0.003509146859869361,0.002640180755406618,0.995919942855835,0.0,0.0,27894.0,18126.0,317.16131591796875,-105.28327941894531,-64.32597351074219,11.313897132873535,9.325584411621094,-2.303715229034424,-3.97111439704895,-3.213768720626831,-1.2831835746765137
0.4755,0.07098603993654251,0.18912728130817413,0.038040805608034134,0.00014226969506125897,-0.01378914900124073,0.006337064318358898,0.42584875226020813,-0.5707476735115051,-0.0009749062592163682,-0.20882757008075714,3.5208210945129395,0.48096778988838196,-0.7478082180023193,-2.516106367111206,0.003509146859869361,0.002640180755406618,0.995919942855835,0.0,0.0,27894.0,18126.0,317.16131591796875,-105.28327941894531,-64.32597351074219,9.3824462890625,0.21062737703323364,-4.929368019104004,4.5510454177856445,-9.406232833862305,-5.367889881134033
0.4865,0.0709964781999588,0.18899239599704742,0.0380634106695652,0.0012147451052442193,-0.014776396565139294,0.011431864462792873,0.5527259707450867,-0.5908902287483215,-0.32384929060935974,-0.20887556672096252,3.5736072063446045,18.018993377685547,-0.6622803807258606,-18.296449661254883,-0.0021701399236917496,-0.008591017685830593,1.0685782432556152,0.0,0.0,27894.0,18126.0,317.16131591796875,-105.28327941894531,-64.32597351074219,18.530593872070312,6.839005947113037,-13.18256950378418,17.127573013305664,-6.570771217346191,-8.778571128845215
0.4964,0.07100681960582733,0.18892152607440948,0.038102809339761734,0.0022668095771223307,-0.015720224007964134,0.017928166314959526,0.5527259707450867,-0.5908902287483215,-0.32384929060935974,-0.20887556672096252,3.5736072063446045,18.018993377685547,-0.6622803807258606,-18.296449661254883,-0.0021701399236917496,-0.008591017685830593,1.0685782432556152,0.0,0.0,27894.0,18126.0,317.16131591796875,-105.28327941894531,-64.32597351074219,17.0668888092041,-18.7553653717041,-2.373976230621338,18.76279640197754,6.802601337432861,-13.732670783996582
0.5055,0.07101701945066452,0.188881516456604,0.038158394396305084,0.0033006537705659866,-0.01693468540906906,0.026280350983142853,0.5527259707450867,-0.5908902287483215,-0.32384929060935974,-0.20887556672096252,3.5736072063446045,18.018993377685547,-0.6622803807258606,-18.296449661254883,-0.0021701399236917496,-0.008591017685830593,1.0685782432556152,0.0,0.0,30211.0,19993.0,317.16131591796875,-105.28327941894531,-64.32597351074219,21.006128311157227,6.337220191955566,19.589397430419922,22.895751953125,-1.3691632747650146,20.219980239868164
0.5156,0.07102693617343903,0.18885470926761627,0.03822767361998558,0.004272593185305595,-0.018676402047276497,0.035134635865688324,0.5527259707450867,-0.5908902287483215,-0.32384929060935974,-0.20887556672096252,3.5736072063446045,18.018993377685547,-0.6622803807258606,-18.296449661254883,-0.0021701399236917496,-0.008591017685830593,1.0685782432556152,0.0,0.0,30211.0,19993.0,317.16131591796875,-105.28327941894531,-64.32597351074219,26.479143142700195,5.237334728240967,-16.15448760986328,24.88845443725586,1.7492713928222656,-2.607837200164795
0.5265,0.0710364505648613,0.18883109092712402,0.038822248578071594,0.005183349829167128,-0.02122523821890354,0.046613872051239014,0.5527259707450867,-0.5908902287483215,-0.32384929060935974,-0.20887556672096252,3.5736072063446045,18.018993377685547,-0.6622803807258606,-18.296449661254883,-0.0021701399236917496,-0.008591017685830593,1.0685782432556152,0.0,0.0,30211.0,19993.0,317.16131591796875,-105.28327941894531,-64.32597351074219,31.031524658203125,5.048191547393799,-8.346074104309082,28.36346435546875,-5.10465145111084,-5.617469310760498
0.5366,0.07104543596506119,0.18880441784858704,0.03916926681995392,0.006032147444784641,-0.02489137463271618,0.058112770318984985,2.1986324787139893,-0.5903010368347168,-1.225018858909607,-0.2088998258113861,3.594721555709839,88.96089172363281,0.09854526072740555,-24.604228973388672,-0.004034828394651413,-0.01713595539331436,1.1312323808670044,0.0,0.0,30211.0,19993.0,317.16131591796875,-105.28327941894531,-64.32597351074219,32.61321258544922,-1.2820782661437988,-4.867506504058838,31.249998092651367,-1.1003594398498535,-4.251002788543701
0.5455,0.07105380296707153,0.18825602531433105,0.039394576102495193,0.006796026602387428,-0.03185837343335152,0.06930012255907059,2.1986324787139893,-0.5903010368347168,-1.225018858909607,-0.2088998258113861,3.594721555709839,88.96089172363281,0.09854526072740555,-24.604228973388672,-0.004034828394651413,-0.01713595539331436,1.1312323808670044,0.0,0.0,30211.0,19993.0,317.16131591796875,-105.28327941894531,-64.32597351074219,32.356929779052734,-7.434593200683594,8.483555793762207,25.212167739868164,-2.937594413757324,-0.5130171179771423
0.5555,0.07106149196624756,0.18795111775398254,0.04007522016763687,0.007475754711776972,-0.039549365639686584,0.08241276443004608,2.1986324787139893,-0.5903010368347168,-1.225018858909607,-0.2088998258113861,3.594721555709839,88.96089172363281,0.09854526072740555,-24.604228973388672,-0.004034828394651413,-0.01713595539331436,1.1312323808670044,0.0,0.0,31168.0,20957.0,317.16131591796875,-105.28327941894531,-64.32597351074219,33.47358322143555,0.9089956283569336,-5.861825942993164,43.763633728027344,10.55633544921875,6.414919853210449
0.5665,0.07106822729110718,0.1872461885213852,0.0404689647257328,0.008001014590263367,-0.05067257583141327,0.0941077247262001,2.1986324787139893,-0.5903010368347168,-1.225018858909607,-0.2088998258113861,3.594721555709839,88.96089172363281,0.09854526072740555,-24.604228973388672,-0.004034828394651413,-0.01713595539331436,1.1312323808670044,0.0,0.0,31168.0,20957.0,317.16131591796875,-105.28327941894531,-64.32597351074219,33.14765167236328,10.324784278869629,-7.427009105682373,35.6245002746582,-4.515427589416504,-7.093011856079102
0.5755,0.07107366621494293,0.18684351444244385,0.040714334696531296,0.008342588320374489,-0.06278948485851288,0.10393709689378738,2.1986324787139893,-0.5903010368347168,-1.225018858909607,-0.2088998258113861,3.594721555709839,88.96089172363281,0.09854526072740555,-24.604228973388672,-0.004034828394651413,-0.01713595539331436,1.1312323808670044,0.0,0.0,31168.0,20957.0,317.16131591796875,-105.28327941894531,-64.32597351074219,43.02034378051758,-8.839431762695312,14.055533409118652,39.49546432495117,-15.055696487426758,2.62930965423584
0.5865,0.0710776224732399,0.186066672205925,0.041402652859687805,0.008498248644173145,-0.07926243543624878,0.1174226626753807,7.840919494628906,-0.6157519817352295,-2.450291633605957,-0.20879386365413666,3.6105573177337646,195.84559631347656,-1.1837067604064941,-13.605478286743164,-0.012798763811588287,0.09513016790151596,1.1865959167480469,0.0,0.0,31168.0,20957.0,317.16131591796875,-105.28327941894531,-64.32597351074219,51.88441467285156,4.622095108032227,18.62659454345703,45.5977897644043,15.448479652404785,21.187541961669922
0.5956,0.07159383594989777,0.18508629500865936,0.0418022982776165,0.010327537544071674,-0.09958845376968384,0.1295032799243927,7.840919494628906,-0.6157519817352295,-2.450291633605957,-0.20879386365413666,3.6105573177337646,195.84559631347656,-1.1837067604064941,-13.605478286743164,-0.012798763811588287,0.09513016790151596,1.1865959167480469,0.0,0.0,31168.0,20957.0,317.16131591796875,-105.28327941894531,-64.32597351074219,56.8131103515625,5.931864261627197,8.622576713562012,68.57275390625,3.437295436859131,16.439525604248047
0.6055,0.07185300439596176,0.18398639559745789,0.04257216304540634,0.010917442850768566,-0.12406791001558304,0.14312881231307983,7.840919494628906,-0.6157519817352295,-2.450291633605957,-0.20879386365413666,3.6105573177337646,195.84559631347656,-1.1837067604064941,-13.605478286743164,-0.012798763811588287,0.09513016790151596,1.1865959167480469,0.0,0.0,31529.0,21559.0,317.16131591796875,-105.28327941894531,-64.32597351074219,47.229732513427734,-6.681821346282959,-1.6149299144744873,56.16998291015625,13.425804138183594,9.77112102508545
0.6166,0.07198122888803482,0.1828078180551529,0.043522387742996216,0.01078740507364273,-0.15250656008720398,0.1548907607793808,7.840919494628906,-0.6157519817352295,-2.450291633605957,-0.20879386365413666,3.6105573177337646,195.84559631347656,-1.1837067604064941,-13.605478286743164,-0.012798763811588287,0.09513016790151596,1.1865959167480469,0.0,0.0,31529.0,21559.0,317.16131591796875,-105.28327941894531,-64.32597351074219,37.31613540649414,11.31130599975586,1.0974228382110596,72.83877563476562,-5.994772434234619,8.23437786102295
0.6264,0.07152800261974335,0.18157228827476501,0.04454457759857178,0.008239800110459328,-0.18433497846126556,0.1619071215391159,7.840919494628906,-0.6157519817352295,-2.450291633605957,-0.20879386365413666,3.6105573177337646,195.84559631347656,-1.1837067604064941,-13.605478286743164,-0.012798763811588287,0.09513016790151596,1.1865959167480469,0.0,0.0,31529.0,21559.0,317.16131591796875,-105.28327941894531,-64.32597351074219,62.067928314208984,-19.794395446777344,-23.021072387695312,49.98540496826172,-16.374332427978516,-26.545143127441406
0.6375,0.07129470258951187,0.1797768473625183,0.04506532847881317,0.0062308828346431255,-0.22209468483924866,0.1629953682422638,19.739065170288086,-0.6539298295974731,-2.837719202041626,-0.20877209305763245,3.6105573177337646,361.9547119140625,-5.532799243927002,-13.656002044677734,0.014658265747129917,0.11132306605577469,1.1608830690383911,0.0,0.0,31529.0,21559.0,317.16131591796875,-105.28327941894531,-64.32597351074219,69.1640625,8.461402893066406,14.629683494567871,66.38430786132812,-0.8715837597846985,-4.607587814331055
0.6465,0.07117047905921936,0.17767593264579773,0.04583814740180969,0.004207946825772524,-0.2665860056877136,0.1642436385154724,19.739065170288086,-0.6539298295974731,-2.837719202041626,-0.20877209305763245,3.6105573177337646,361.9547119140625,-5.532799243927002,-13.656002044677734,0.014658265747129917,0.11132306605577469,1.1608830690383911,0.0,0.0,31529.0,21559.0,317.16131591796875,-105.28327941894531,-64.32597351074219,97.75279998779297,-2.7204179763793945,-7.152477264404297,92.7467269897461,-2.788200855255127,6.607427597045898
0.6554,0.07109913229942322,0.17539411783218384,0.046727750450372696,0.0019367644563317299,-0.31703269481658936,0.16258582472801208,19.739065170288086,-0.6539298295974731,-2.837719202041626,-0.20877209305763245,3.6105573177337646,361.9547119140625,-5.532799243927002,-13.656002044677734,0.014658265747129917,0.11132306605577469,1.1608830690383911,0.0,0.0,31779.0,21889.0,317.16131591796875,-105.28327941894531,-64.32597351074219,93.54683685302734,6.633050918579102,-4.029151916503906,94.64358520507812,-18.721088409423828,-14.735801696777344
0.6655,0.07105214148759842,0.17299793660640717,0.04713520035147667,-0.0007652926724404097,-0.37204495072364807,0.15228857100009918,19.739065170288086,-0.6539298295974731,-2.837719202041626,-0.20877209305763245,3.6105573177337646,361.9547119140625,-5.532799243927002,-13.656002044677734,0.014658265747129917,0.11132306605577469,1.1608830690383911,0.0,0.0,31779.0,21889.0,317.16131591796875,-105.28327941894531,-64.32597351074219,145.97586059570312,22.448352813720703,13.221746444702148,97.63907623291016,0.6816237568855286,9.40157413482666
0.6766,0.07049994170665741,0.17052291333675385,0.04726574197411537,-0.005923726130276918,-0.43179112672805786,0.13355085253715515,19.739065170288086,-0.6539298295974731,-2.837719202041626,-0.20877209305763245,3.6105573177337646,361.9547119140625,-5.532799243927002,-13.656002044677734,0.014658265747129917,0.11132306605577469,1.1608830690383911,0.0,0.0,31779.0,21889.0,317.16131591796875,-105.28327941894531,-64.32597351074219,215.24855041503906,45.85990905761719,23.029781341552734,204.6928253173828,22.310285568237305,28.10165023803711
0.6855,0.07020541280508041,0.16747210919857025,0.047217514365911484,-0.010279620066285133,-0.4979167580604553,0.10466117411851883,41.184329986572266,-0.629474937915802,-3.521270275115967,-0.2090349942445755,3.6158359050750732,748.528076171875,23.254352569580078,20.66948699951172,-0.03127788379788399,0.18297959864139557,1.0696488618850708,0.0,0.0,31779.0,21889.0,317.16131591796875,-105.28327941894531,-64.32597351074219,248.25387573242188,93.59542846679688,14.781944274902344,159.3398895263672,-8.385061264038086,41.8128776550293
0.6956,0.07004102319478989,0.16412138938903809,0.04650236666202545,-0.013713640160858631,-0.5647100210189819,0.05815236642956734,41.184329986572266,-0.629474937915802,-3.521270275115967,-0.2090349942445755,3.6158359050750732,748.528076171875,23.254352569580078,20.66948699951172,-0.03127788379788399,0.18297959864139557,1.0696488618850708,0.0,0.0,31779.0,21889.0,317.16131591796875,-105.28327941894531,-64.32597351074219,357.8016662597656,105.78512573242188,-5.998986721038818,387.8707580566406,133.66697692871094,10.451704025268555
0.7065,0.06891685724258423,0.16116291284561157,0.0448436364531517,-0.019696954637765884,-0.6185624599456787,-0.013080079108476639,41.184329986572266,-0.629474937915802,-3.521270275115967,-0.2090349942445755,3.6158359050750732,748.528076171875,23.254352569580078,20.66948699951172,-0.03127788379788399,0.18297959864139557,1.0696488618850708,0.0,0.0,31931.0,21953.0,317.16131591796875,-105.28327941894531,-64.32597351074219,-954.0926513671875,494.70587158203125,-930.3182983398438,-349.6093444824219,290.04119873046875,-876.07080078125
0.7165,0.067829430103302,0.15736135840415955,0.04523001238703728,-0.025990834459662437,-0.6891049146652222,-0.07895199954509735,41.184329986572266,-0.629474937915802,-3.521270275115967,-0.2090349942445755,3.6158359050750732,748.528076171875,23.254352569580078,20.66948699951172,-0.03127788379788399,0.18297959864139557,1.0696488618850708,0.0,0.0,31931.0,21953.0,317.16131591796875,-105.28327941894531,-64.32597351074219,539.8676147460938,-59.225440979003906,146.40118408203125,-126.88922119140625,210.88885498046875,-27.512548446655273
0.7255,0.06625038385391235,0.15310806035995483,0.046103451400995255,-0.029884828254580498,-0.7604685425758362,-0.15237794816493988,41.184329986572266,-0.629474937915802,-3.521270275115967,-0.2090349942445755,3.6158359050750732,748.528076171875,23.254352569580078,20.66948699951172,-0.03127788379788399,0.18297959864139557,1.0696488618850708,0.0,0.0,31931.0,21953.0,317.16131591796875,-105.28327941894531,-64.32597351074219,435.0025329589844,38.08400344848633,75.39305114746094,455.5911865234375,46.81300735473633,32.18030548095703
0.7356,0.06444278359413147,0.14865335822105408,0.047687508165836334,-0.030851874500513077,-0.8231656551361084,-0.2381889820098877,79.82455444335938,-11.553130149841309,1.967963695526123,-0.0074997469782829285,3.6105573177337646,1174.4549560546875,406.57269287109375,-378.9859313964844,0.052555687725543976,-0.018728554248809814,0.8477990031242371,0.0,0.0,31931.0,21953.0,317.16131591796875,-105.28327941894531,-64.32597351074219,394.92901611328125,-15.329205513000488,61.77255630493164,416.40087890625,-11.688708305358887,66.71380615234375
0.7456,0.0625334084033966,0.1446487456560135,0.04903431236743927,-0.031114516779780388,-0.8807129263877869,-0.34365594387054443,79.82455444335938,-11.553130149841309,1.967963695526123,-0.0074997469782829285,3.6105573177337646,1174.4549560546875,406.57269287109375,-378.9859313964844,0.052555687725543976,-0.018728554248809814,0.8477990031242371,0.0,0.0,31931.0,21953.0,317.16131591796875,-105.28327941894531,-64.32597351074219,353.61761474609375,-50.45325469970703,53.99997329711914,372.4288635253906,-54.22782516479492,60.56308364868164
0.7556,0.06108716130256653,0.14089076220989227,0.04964805394411087,-0.03243030607700348,-0.932788074016571,-0.47518402338027954,79.82455444335938,-11.553130149841309,1.967963695526123,-0.0074997469782829285,3.6105573177337646,1174.4549560546875,406.57269287109375,-378.9859313964844,0.052555687725543976,-0.018728554248809814,0.8477990031242371,0.0,13608.0,26893.0,21505.0,317.16131591796875,-105.28327941894531,-64.32597351074219,292.08514404296875,-80.43737030029297,52.321502685546875,313.3487548828125,-76.04121398925781,53.1568489074707
0.7656,0.060787152498960495,0.13117404282093048,0.044202353805303574,-0.035379983484745026,-1.0012215375900269,-0.6573715209960938,79.82455444335938,-11.553130149841309,1.967963695526123,-0.0074997469782829285,3.6105573177337646,1174.4549560546875,406.57269287109375,-378.9859313964844,0.052555687725543976,-0.018728554248809814,0.8477990031242371,0.0,13608.0,26893.0,21505.0,317.16131591796875,-105.28327941894531,-64.32597351074219,243.05441284179688,-92.14512634277344,38.19135665893555,256.1092224121094,-94.25973510742188,45.78780746459961
0.7756,0.060423363000154495,0.12083778530359268,0.03683223947882652,-0.050126343965530396,-1.0544826984405518,-0.8699562549591064,79.82455444335938,-11.553130149841309,1.967963695526123,-0.0074997469782829285,3.6105573177337646,1174.4549560546875,406.57269287109375,-378.9859313964844,0.052555687725543976,-0.018728554248809814,0.8477990031242371,0.0,13608.0,26893.0,21505.0,317.16131591796875,-105.28327941894531,-64.32597351074219,190.36196899414062,-95.78697967529297,33.04668045043945,206.77183532714844,-90.85130310058594,36.71216583251953
0.7855,0.05985933914780617,0.11005784571170807,0.02723587676882744,-0.08117030560970306,-1.0862797498703003,-1.1122616529464722,156.50103759765625,-20.693714141845703,24.156322479248047,-0.0028362590819597244,3.515542507171631,1909.2225341796875,174.7416534423828,-248.55938720703125,0.10594266653060913,-0.3417627811431885,0.9481245875358582,0.0,13608.0,26893.0,21505.0,317.16131591796875,-105.28327941894531,-64.32597351074219,63.534549713134766,-120.06143188476562,36.71823501586914,83.0573959350586,-90.96598052978516,40.115352630615234
0.7955,0.058959804475307465,0.09912457317113876,0.015305111184716225,-0.117739237844944,-1.0914477109909058,-1.3430027961730957,156.50103759765625,-20.693714141845703,24.156322479248047,-0.0028362590819597244,3.515542507171631,1909.2225341796875,174.7416534423828,-248.55938720703125,0.10594266653060913,-0.3417627811431885,0.9481245875358582,0.0,13608.0,26893.0,21505.0,317.16131591796875,-105.28327941894531,-64.32597351074219,-5717.0478515625,4888.43212890625,186.97633361816406,-915.5387573242188,774.9905395507812,95.46517944335938
0.8056,0.05857741832733154,0.08800596743822098,0.003286805935204029,-0.03398590162396431,-1.1927883625030518,-1.0867030620574951,156.50103759765625,-20.693714141845703,24.156322479248047,-0.0028362590819597244,3.515542507171631,1909.2225341796875,174.7416534423828,-248.55938720703125,0.10594266653060913,-0.3417627811431885,0.9481245875358582,2758.0,23566.0,21466.0,16111.0,317.16131591796875,-105.28327941894531,-64.32597351074219,-45.074363708496094,-238.74591064453125,-5.633447647094727,-2440.491455078125,900.031982421875,-280.0507507324219
0.8155,0.05859566852450371,0.07561570405960083,-0.00642988458275795,-0.03937295451760292,-1.2749154567718506,-0.9090994000434875,156.50103759765625,-20.693714141845703,24.156322479248047,-0.0028362590819597244,3.515542507171631,1909.2225341796875,174.7416534423828,-248.55938720703125,0.10594266653060913,-0.3417627811431885,0.9481245875358582,2758.0,23566.0,21466.0,16111.0,317.16131591796875,-105.28327941894531,-64.32597351074219,-46.73504638671875,-4790.462890625,275.9583740234375,-3595.968017578125,-2930.200439453125,-592.3704833984375
0.8255,0.05782052502036095,0.062301747500896454,-0.013878308236598969,-0.13274578750133514,-1.3448021411895752,-0.5960351824760437,156.50103759765625,-20.693714141845703,24.156322479248047,-0.0028362590819597244,3.515542507171631,1909.2225341796875,174.7416534423828,-248.55938720703125,0.10594266653060913,-0.3417627811431885,0.9481245875358582,2758.0,23566.0,21466.0,16111.0,317.16131591796875,-105.28327941894531,-64.32597351074219,726.07470703125,-366.6926574707031,132.75942993164062,5525.56298828125,-4804.7236328125,1351.0206298828125
0.8385,0.056276511400938034,0.04884621500968933,-0.019579941406846046,-0.19698329269886017,-1.3635398149490356,-0.5658636689186096,173.0007781982422,14.569625854492188,28.000526428222656,0.034974534064531326,3.462756633758545,-150.0038604736328,-1728.524658203125,120.73426818847656,0.11421841382980347,0.2319018691778183,0.5691946744918823,2758.0,23566.0,21466.0,16111.0,317.16131591796875,-105.28327941894531,-64.32597351074219,95.43856811523438,35.837181091308594,-2.487410068511963,-104.83573913574219,200.693115234375,-84.54703521728516
0.8455,0.05430988967418671,0.03516857326030731,-0.02601136825978756,-0.2734123766422272,-1.4199105501174927,-0.7390452027320862,173.0007781982422,14.569625854492188,28.000526428222656,0.034974534064531326,3.462756633758545,-150.0038604736328,-1728.524658203125,120.73426818847656,0.11421841382980347,0.2319018691778183,0.5691946744918823,2758.0,23566.0,21466.0,16111.0,317.16131591796875,-105.28327941894531,-64.32597351074219,94.25282287597656,33.09065246582031,-11.586390495300293,103.1655044555664,46.61368942260742,-24.38151741027832
0.8556,0.05151840299367905,0.020905328914523125,-0.034103136509656906,-0.35794171690940857,-1.4740837812423706,-0.9015367031097412,173.0007781982422,14.569625854492188,28.000526428222656,0.034974534064531326,3.462756633758545,-150.0038604736328,-1728.524658203125,120.73426818847656,0.11421841382980347,0.2319018691778183,0.5691946744918823,3314.0,7995.0,15527.0,9699.0,317.16131591796875,-105.28327941894531,-64.32597351074219,2655.001708984375,2797.99609375,-180.93992614746094,1613.5491943359375,1653.0894775390625,-259.3583984375
0.8685,0.048076894134283066,0.006267206743359566,-0.04338876157999039,-0.34283286333084106,-1.4692103862762451,-0.9841412901878357,173.0007781982422,14.569625854492188,28.000526428222656,0.034974534064531326,3.462756633758545,-150.0038604736328,-1728.524658203125,120.73426818847656,0.11421841382980347,0.2319018691778183,0.5691946744918823,3314.0,7995.0,15527.0,9699.0,317.16131591796875,-105.28327941894531,-64.32597351074219,-111.30510711669922,-121.10197448730469,59.02488708496094,163.40444946289062,138.10968017578125,5.676939964294434
0.8754,0.04461187496781349,-0.00843955110758543,-0.05376178398728371,-0.37026768922805786,-1.4851750135421753,-1.116861343383789,173.0007781982422,14.569625854492188,28.000526428222656,0.034974534064531326,3.462756633758545,-150.0038604736328,-1728.524658203125,120.73426818847656,0.11421841382980347,0.2319018691778183,0.5691946744918823,3314.0,7995.0,15527.0,9699.0,317.16131591796875,-105.28327941894531,-64.32597351074219,7.3297834396362305,112.83354187011719,41.12800216674805,37.88566207885742,75.79135131835938,17.578645706176758
0.8855,0.04043608531355858,-0.024787649512290955,-0.06673208624124527,-0.4148300290107727,-1.50107741355896,-1.2705912590026855,-174.3197784423828,-48.31245803833008,13.787147521972656,0.00805765762925148,3.4310851097106934,892.3385009765625,-132.1012725830078,157.0909423828125,-1.8143408298492432,-0.4908859431743622,-0.8584780693054199,3314.0,7995.0,15527.0,9699.0,317.16131591796875,-105.28327941894531,-64.32597351074219,-1111.6505126953125,1296.97021484375,597.0133666992188,-438.0779113769531,558.0610961914062,232.37197875976562
0.8954,0.036795083433389664,-0.03987118974328041,-0.07956892997026443,-0.32062751054763794,-1.5351351499557495,-1.2949038743972778,-174.3197784423828,-48.31245803833008,13.787147521972656,0.00805765762925148,3.4310851097106934,892.3385009765625,-132.1012725830078,157.0909423828125,-1.8143408298492432,-0.4908859431743622,-0.8584780693054199,3314.0,7995.0,15527.0,9699.0,317.16131591796875,-105.28327941894531,-64.32597351074219,-260.8304138183594,349.9352722167969,-40.233970642089844,-1755.79296875,2112.8720703125,322.7267150878906
0.9054,0.033824361860752106,-0.05528918653726578,-0.09283143281936646,-0.26192280650138855,-1.5559108257293701,-1.3540148735046387,-174.3197784423828,-48.31245803833008,13.787147521972656,0.00805765762925148,3.4310851097106934,892.3385009765625,-132.1012725830078,157.0909423828125,-1.8143408298492432,-0.4908859431743622,-0.8584780693054199,11233.0,17001.0,17152.0,7549.0,317.16131591796875,-105.28327941894531,-64.32597351074219,-162.56341552734375,111.50830841064453,-56.7180061340332,-94.46131896972656,33.543582916259766,-79.45966339111328
0.9155,0.03110588528215885,-0.07081304490566254,-0.10696332901716232,-0.25798097252845764,-1.5554285049438477,-1.4811069965362549,-174.3197784423828,-48.31245803833008,13.787147521972656,0.00805765762925148,3.4310851097106934,892.3385009765625,-132.1012725830078,157.0909423828125,-1.8143408298492432,-0.4908859431743622,-0.8584780693054199,11233.0,17001.0,17152.0,7549.0,317.16131591796875,-105.28327941894531,-64.32597351074219,-190.36431884765625,79.37752532958984,-52.80055236816406,-174.7528839111328,86.53163146972656,-58.6032829284668
0.9255,0.028404122218489647,-0.08631586283445358,-0.1224372610449791,-0.25292983651161194,-1.5549901723861694,-1.6284698247909546,-174.3197784423828,-48.31245803833008,13.787147521972656,0.00805765762925148,3.4310851097106934,892.3385009765625,-132.1012725830078,157.0909423828125,-1.8143408298492432,-0.4908859431743622,-0.8584780693054199,11233.0,17001.0,17152.0,7549.0,317.16131591796875,-105.28327941894531,-64.32597351074219,-210.14125061035156,24.15358543395996,-46.578125,-200.48402404785156,33.52164840698242,-53.871150970458984
0.9355,0.0257844440639019,-0.10182347893714905,-0.1393987238407135,-0.23869134485721588,-1.561661958694458,-1.783116102218628,-173.45523071289062,-27.467967987060547,-11.107621192932129,-0.01846587099134922,3.462756633758545,-311.1900634765625,957.1283569335938,243.45469665527344,-0.05294766277074814,-0.12302897870540619,0.46078628301620483,11233.0,17001.0,17152.0,7549.0,317.16131591796875,-105.28327941894531,-64.32597351074219,-237.26553344726562,-22.951614379882812,-47.45849609375,-235.70584106445312,4.636764049530029,-48.52199172973633
0.9455,0.023331813514232635,-0.11741039901971817,-0.1579374074935913,-0.21724048256874084,-1.578710675239563,-1.9482332468032837,-173.45523071289062,-27.467967987060547,-11.107621192932129,-0.01846587099134922,3.462756633758545,-311.1900634765625,957.1283569335938,243.45469665527344,-0.05294766277074814,-0.12302897870540619,0.46078628301620483,11233.0,17001.0,17152.0,7549.0,317.16131591796875,-105.28327941894531,-64.32597351074219,-255.93960571289062,-66.02931213378906,-45.77214050292969,-250.0824737548828,-44.75974655151367,-50.41193771362305
0.9555,0.021123254671692848,-0.13319095969200134,-0.17814937233924866,-0.18952885270118713,-1.6097525358200073,-2.1212291717529297,-173.45523071289062,-27.467967987060547,-11.107621192932129,-0.01846587099134922,3.462756633758545,-311.1900634765625,957.1283569335938,243.45469665527344,-0.05294766277074814,-0.12302897870540619,0.46078628301620483,22321.0,14669.0,21953.0,1025.0,317.16131591796875,-105.28327941894531,-64.32597351074219,-244.20777893066406,-100.11810302734375,-31.345691680908203,-250.57028198242188,-84.88272857666016,-42.76513671875
0.9657,0.019221823662519455,-0.14931541681289673,-0.20010988414287567,-0.15696653723716736,-1.6574808359146118,-2.300677537918091,-173.45523071289062,-27.467967987060547,-11.107621192932129,-0.01846587099134922,3.462756633758545,-311.1900634765625,957.1283569335938,243.45469665527344,-0.05294766277074814,-0.12302897870540619,0.46078628301620483,22321.0,14669.0,21953.0,1025.0,317.16131591796875,-105.28327941894531,-64.32597351074219,-217.91436767578125,-132.72801208496094,-16.8223819732666,-233.62063598632812,-109.7011489868164,-23.051498413085938
0.9756,0.01767481118440628,-0.16596126556396484,-0.2238749861717224,-0.12069417536258698,-1.7231123447418213,-2.484102964401245,-173.45523071289062,-27.467967987060547,-11.107621192932129,-0.01846587099134922,3.462756633758545,-311.1900634765625,957.1283569335938,243.45469665527344,-0.05294766277074814,-0.12302897870540619,0.46078628301620483,22321.0,14669.0,21953.0,1025.0,317.16131591796875,-105.28327941894531,-64.32597351074219,1472.3524169921875,-1600.92333984375,136.77902221679688,-179.76568603515625,-178.49253845214844,9.382485389709473
0.9856,0.016412554308772087,-0.18304763734340668,-0.24889613687992096,-0.12873563170433044,-1.694307565689087,-2.521432638168335,159.91024780273438,17.70078468322754,-18.822938919067383,-0.0020488158334046602,3.33079195022583,1289.2744140625,-792.7352905273438,266.0718994140625,1.6342945098876953,1.506382942199707,-0.5943220853805542,22321.0,14669.0,21953.0,1025.0,317.16131591796875,-105.28327941894531,-64.32597351074219,633.0007934570312,-27.110824584960938,-102.42749786376953,4934.345703125,-3415.91015625,150.86984252929688
0.9965,0.015119155868887901,-0.1999754011631012,-0.2745700180530548,-0.13116151094436646,-1.7092429399490356,-2.70406174659729,159.91024780273438,17.70078468322754,-18.822938919067383,-0.0020488158334046602,3.33079195022583,1289.2744140625,-792.7352905273438,266.0718994140625,1.6342945098876953,1.506382942199707,-0.5943220853805542,22321.0,14669.0,21953.0,1025.0,317.16131591796875,-105.28327941894531,-64.32597351074219,94.99299621582031,287.2927551269531,-32.234092712402344,49.354549407958984,294.88275146484375,3.7724969387054443
1.0055,0.0138558903709054,-0.21712903678417206,-0.3024046719074249,-0.12175069004297256,-1.720992922782898,-2.9571146965026855,159.91024780273438,17.70078468322754,-18.822938919067383,-0.0020488158334046602,3.33079195022583,1289.2744140625,-792.7352905273438,266.0718994140625,1.6342945098876953,1.506382942199707,-0.5943220853805542,16308.0,13212.0,18969.0,7233.0,317.16131591796875,-105.28327941894531,-64.32597351074219,-3695.592041015625,-3032.16015625,-341.07379150390625,-473.48211669921875,-305.8109130859375,-80.8062515258789
1.0155,0.012390839867293835,-0.23442524671554565,-0.33093714714050293,-0.11539904773235321,-1.771836757659912,-2.840047836303711,159.91024780273438,17.70078468322754,-18.822938919067383,-0.0020488158334046602,3.33079195022583,1289.2744140625,-792.7352905273438,266.0718994140625,1.6342945098876953,1.506382942199707,-0.5943220853805542,16308.0,13212.0,18969.0,7233.0,317.16131591796875,-105.28327941894531,-64.32597351074219,-4402.556640625,3950.50927734375,-75.43737030029297,-3196.64990234375,-67.8443832397461,-332.1736755371094
1.0255,0.011351602151989937,-0.2526807188987732,-0.3571664094924927,-0.05898677557706833,-1.826856255531311,-2.501338005065918,159.91024780273438,17.70078468322754,-18.822938919067383,-0.0020488158334046602,3.33079195022583,1289.2744140625,-792.7352905273438,266.0718994140625,1.6342945098876953,1.506382942199707,-0.5943220853805542,16308.0,13212.0,18969.0,7233.0,317.16131591796875,-105.28327941894531,-64.32597351074219,4338.552734375,3757.783203125,-670.7877807617188,4982.3759765625,4966.732421875,-611.9564208984375
1.0355,0.011071696877479553,-0.27096474170684814,-0.38152948021888733,-0.007253821939229965,-1.8465081453323364,-2.4303090572357178,174.05906677246094,-14.036251068115234,-26.07845687866211,-0.02823132462799549,3.4838709831237793,70.47122192382812,1319.6455078125,-277.65826416015625,-0.19420015811920166,0.3622460961341858,0.07767724990844727,16308.0,13212.0,18969.0,7233.0,317.16131591796875,-105.28327941894531,-64.32597351074219,228.49362182617188,-324.6710205078125,88.84642028808594,-591.0053100585938,-479.1774597167969,161.10227966308594
1.0455,0.01100759208202362,-0.2894192039966583,-0.4061887264251709,0.01803583838045597,-1.8618354797363281,-2.556933641433716,174.05906677246094,-14.036251068115234,-26.07845687866211,-0.02823132462799549,3.4838709831237793,70.47122192382812,1319.6455078125,-277.65826416015625,-0.19420015811920166,0.3622460961341858,0.07767724990844727,16308.0,13212.0,18969.0,7233.0,317.16131591796875,-105.28327941894531,-64.32597351074219,-738.33447265625,-1791.81640625,-182.30877685546875,2452.76806640625,-2326.30419921875,370.1047668457031
1.0556,0.01107968669384718,-0.3079666793346405,-0.43148019909858704,-0.002711313543841243,-1.864408254623413,-2.514740467071533,174.05906677246094,-14.036251068115234,-26.07845687866211,-0.02823132462799549,3.4838709831237793,70.47122192382812,1319.6455078125,-277.65826416015625,-0.19420015811920166,0.3622460961341858,0.07767724990844727,16055.0,2126.0,10544.0,11684.0,317.16131591796875,-105.28327941894531,-64.32597351074219,-131.99302673339844,-195.91400146484375,32.36440658569336,-1747.725830078125,-1527.4256591796875,-244.01710510253906
1.0656,0.010993201285600662,-0.3266116976737976,-0.45678600668907166,-0.014198124408721924,-1.8620420694351196,-2.550647258758545,174.05906677246094,-14.036251068115234,-26.07845687866211,-0.02823132462799549,3.4838709831237793,70.47122192382812,1319.6455078125,-277.65826416015625,-0.19420015811920166,0.3622460961341858,0.07767724990844727,16055.0,2126.0,10544.0,11684.0,317.16131591796875,-105.28327941894531,-64.32597351074219,-38.388710021972656,-80.04498291015625,85.38356018066406,51.59091567993164,-13.20743465423584,101.5357894897461
1.0754,0.010866336524486542,-0.34522682428359985,-0.4829428195953369,-0.019671769812703133,-1.855068564414978,-2.6875815391540527,174.05906677246094,-14.036251068115234,-26.07845687866211,-0.02823132462799549,3.4838709831237793,70.47122192382812,1319.6455078125,-277.65826416015625,-0.19420015811920166,0.3622460961341858,0.07767724990844727,16055.0,2126.0,10544.0,11684.0,317.16131591796875,-105.28327941894531,-64.32597351074219,-34.75897216796875,-74.9571533203125,72.63875579833984,-43.592987060546875,-80.80386352539062,83.78195190429688
1.0855,0.010670626536011696,-0.3637654483318329,-0.5105072259902954,-0.030362213030457497,-1.846435308456421,-2.8346331119537354,-176.52459716796875,-0.41457512974739075,-11.564187049865723,0.01073511503636837,3.3519062995910645,1.8532495498657227,-611.7101440429688,-144.95591735839844,-0.030571527779102325,-0.017899036407470703,0.38215357065200806,16055.0,2126.0,10544.0,11684.0,317.16131591796875,-105.28327941894531,-64.32597351074219,-51.82052993774414,-70.39117431640625,57.635684967041016,-43.41132736206055,-79.9751205444336,67.56591033935547
1.0955,0.010348951444029808,-0.3822137415409088,-0.53953617811203,-0.046801429241895676,-1.8372870683670044,-2.9831748008728027,-176.52459716796875,-0.41457512974739075,-11.564187049865723,0.01073511503636837,3.3519062995910645,1.8532495498657227,-611.7101440429688,-144.95591735839844,-0.030571527779102325,-0.017899036407470703,0.38215357065200806,16055.0,2126.0,10544.0,11684.0,317.16131591796875,-105.28327941894531,-64.32597351074219,-70.81568908691406,-59.42876052856445,52.40559387207031,-71.09742736816406,-71.0201187133789,52.00218963623047
1.1054,0.009858467616140842,-0.4005756080150604,-0.5699683427810669,-0.06466531753540039,-1.8303722143173218,-3.1174440383911133,-176.52459716796875,-0.41457512974739075,-11.564187049865723,0.01073511503636837,3.3519062995910645,1.8532495498657227,-611.7101440429688,-144.95591735839844,-0.030571527779102325,-0.017899036407470703,0.38215357065200806,3983.0,18981.0,9978.0,13392.0,317.16131591796875,-105.28327941894531,-64.32597351074219,-2408.88525390625,2837.69921875,417.4852294921875,-566.424072265625,501.6755676269531,139.39654541015625
1.1206,0.009493638761341572,-0.41897088289260864,-0.6007672548294067,-0.012409166432917118,-1.8533977270126343,-3.059795379638672,-176.52459716796875,-0.41457512974739075,-11.564187049865723,0.01073511503636837,3.3519062995910645,1.8532495498657227,-611.7101440429688,-144.95591735839844,-0.030571527779102325,-0.017899036407470703,0.38215357065200806,3983.0,18981.0,9978.0,13392.0,317.16131591796875,-105.28327941894531,-64.32597351074219,1429.8345947265625,1136.5194091796875,-197.09823608398438,809.0133056640625,2146.158203125,-99.38513946533203
1.1255,0.009481411427259445,-0.4374983608722687,-0.6314852833747864,0.03251596540212631,-1.872300386428833,-3.1442761421203613,-176.52459716796875,-0.41457512974739075,-11.564187049865723,0.01073511503636837,3.3519062995910645,1.8532495498657227,-611.7101440429688,-144.95591735839844,-0.030571527779102325,-0.017899036407470703,0.38215357065200806,3983.0,18981.0,9978.0,13392.0,317.16131591796875,-105.28327941894531,-64.32597351074219,2386.4267578125,-1887.7843017578125,169.500244140625,-105.9617919921875,-109.38262176513672,30.358671188354492
1.1356,0.009863777086138725,-0.45616602897644043,-0.6628912091255188,0.03776269778609276,-1.8643349409103394,-3.1588072776794434,173.50469970703125,-5.622277736663818,-5.241823196411133,-0.008715334348380566,3.409970760345459,1247.823486328125,-66.21611785888672,125.19682312011719,0.940241813659668,0.25712764263153076,-0.9247115850448608,3983.0,18981.0,9978.0,13392.0,317.16131591796875,-105.28327941894531,-64.32597351074219,-418.5749816894531,32.524925231933594,-110.04576873779297,2441.308837890625,-1815.33154296875,325.4033203125
1.1455,0.010247762314975262,-0.47477686405181885,-0.6940255165100098,0.03982069715857506,-1.896978735923767,-3.1205172538757324,173.50469970703125,-5.622277736663818,-5.241823196411133,-0.008715334348380566,3.409970760345459,1247.823486328125,-66.21611785888672,125.19682312011719,0.940241813659668,0.25712764263153076,-0.9247115850448608,3983.0,18981.0,9978.0,13392.0,317.16131591796875,-105.28327941894531,-64.32597351074219,-2501.88671875,-388.911376953125,-121.92381286621094,-3081.06201171875,-2498.48583984375,-348.2160339355469
1.1556,0.010695179924368858,-0.4939558207988739,-0.7242329120635986,0.06791990995407104,-1.928244709968567,-2.949815034866333,173.50469970703125,-5.622277736663818,-5.241823196411133,-0.008715334348380566,3.409970760345459,1247.823486328125,-66.21611785888672,125.19682312011719,0.940241813659668,0.25712764263153076,-0.9247115850448608,3983.0,14573.0,8941.0,3624.0,317.16131591796875,-105.28327941894531,-64.32597351074219,-197.70126342773438,56.264244079589844,6.100669860839844,-1225.5181884765625,1211.4876708984375,136.78001403808594
1.1655,0.011279920116066933,-0.5130773782730103,-0.7537168264389038,0.033476993441581726,-1.9162157773971558,-2.972339153289795,173.50469970703125,-5.622277736663818,-5.241823196411133,-0.008715334348380566,3.409970760345459,1247.823486328125,-66.21611785888672,125.19682312011719,0.940241813659668,0.25712764263153076,-0.9247115850448608,3983.0,14573.0,8941.0,3624.0,317.16131591796875,-105.28327941894531,-64.32597351074219,2416.2265625,2236.189697265625,-413.5106201171875,1473.6632080078125,1315.6151123046875,-282.6570739746094
1.1755,0.011350534856319427,-0.5322784185409546,-0.7835622429847717,-0.017351802438497543,-1.933727502822876,-3.0015971660614014,173.50469970703125,-5.622277736663818,-5.241823196411133,-0.008715334348380566,3.409970760345459,1247.823486328125,-66.21611785888672,125.19682312011719,0.940241813659668,0.25712764263153076,-0.9247115850448608,3983.0,14573.0,8941.0,3624.0,317.16131591796875,-105.28327941894531,-64.32597351074219,-79.23297882080078,-115.99850463867188,15.112378120422363,-70.95169830322266,-111.90938568115234,17.007110595703125
1.1855,0.011092830449342728,-0.5516490936279297,-0.814123272895813,-0.02633725292980671,-1.9477183818817139,-3.1191744804382324,177.47808837890625,-10.85600757598877,-3.6473374366760254,0.0,3.594721555709839,179.76226806640625,418.2002258300781,-161.3213348388672,0.02554439939558506,0.013886637054383755,0.31759822368621826,3983.0,14573.0,8941.0,3624.0,317.16131591796875,-105.28327941894531,-64.32597351074219,18.162078857421875,20.359872817993164,0.03951913118362427,44.82769775390625,29.998300552368164,-1.0921953916549683
1.1955,0.010824344120919704,-0.5711349248886108,-0.8459604382514954,-0.0182278361171484,-1.955966830253601,-3.2562527656555176,177.47808837890625,-10.85600757598877,-3.6473374366760254,0.0,3.594721555709839,179.76226806640625,418.2002258300781,-161.3213348388672,0.02554439939558506,0.013886637054383755,0.31759822368621826,3983.0,14573.0,8941.0,3624.0,317.16131591796875,-105.28327941894531,-64.32597351074219,38.17255401611328,29.072017669677734,0.9150511026382446,31.547544479370117,27.344701766967773,5.496501445770264
1.2055,0.010688760317862034,-0.5906906127929688,-0.879073977470398,-0.0011736928718164563,-1.9623675346374512,-3.3745017051696777,177.47808837890625,-10.85600757598877,-3.6473374366760254,0.0,3.594721555709839,179.76226806640625,418.2002258300781,-161.3213348388672,0.02554439939558506,0.013886637054383755,0.31759822368621826,3983.0,12570.0,11439.0,11600.0,317.16131591796875,-105.28327941894531,-64.32597351074219,-2159.008544921875,-2018.2783203125,-394.54193115234375,-251.00634765625,-200.34597778320312,-37.068363189697266
1.2161,0.01113807875663042,-0.6102147698402405,-0.912233293056488,0.08711573481559753,-1.9415630102157593,-3.2639336585998535,177.47808837890625,-10.85600757598877,-3.6473374366760254,0.0,3.594721555709839,179.76226806640625,418.2002258300781,-161.3213348388672,0.02554439939558506,0.013886637054383755,0.31759822368621826,3983.0,12570.0,11439.0,11600.0,317.16131591796875,-105.28327941894531,-64.32597351074219,1112.4609375,-251.10806274414062,183.13897705078125,574.5515747070312,-1493.22119140625,96.66490173339844
1.2255,0.012359414249658585,-0.6293787956237793,-0.9443052411079407,0.1611655205488205,-1.8855739831924438,-3.179337501525879,177.47808837890625,-10.85600757598877,-3.6473374366760254,0.0,3.594721555709839,179.76226806640625,418.2002258300781,-161.3213348388672,0.02554439939558506,0.013886637054383755,0.31759822368621826,3983.0,12570.0,11439.0,11600.0,317.16131591796875,-105.28327941894531,-64.32597351074219,896.2811279296875,672.830810546875,-37.59994125366211,741.7318115234375,725.0614013671875,-18.712995529174805
1.2358,0.014088423922657967,-0.6480262279510498,-0.975830078125,0.1935247778892517,-1.8497259616851807,-3.1323091983795166,178.0334014892578,-7.333364486694336,6.082135200500488,0.0,3.7953078746795654,75.05491638183594,-80.1535873413086,-207.13377380371094,-0.4446187913417816,-0.09232760965824127,-1.4714020490646362,3983.0,12570.0,11439.0,11600.0,317.16131591796875,-105.28327941894531,-64.32597351074219,-1217.151611328125,1326.1456298828125,219.21319580078125,-341.05059814453125,461.7995910644531,76.914306640625
1.2455,0.015941185876727104,-0.6665177345275879,-1.0070229768753052,0.17797009646892548,-1.8567169904708862,-3.1030149459838867,178.0334014892578,-7.333364486694336,6.082135200500488,0.0,3.7953078746795654,75.05491638183594,-80.1535873413086,-207.13377380371094,-0.4446187913417816,-0.09232760965824127,-1.4714020490646362,3983.0,12570.0,11439.0,11600.0,317.16131591796875,-105.28327941894531,-64.32597351074219,97.99568176269531,-83.61419677734375,-1.659523844718933,-254.64794921875,213.19293212890625,33.462520599365234
1.2555,0.017666086554527283,-0.6851018071174622,-1.0384752750396729,0.17104224860668182,-1.8711563348770142,-3.187127113342285,178.0334014892578,-7.333364486694336,6.082135200500488,0.0,3.7953078746795654,75.05491638183594,-80.1535873413086,-207.13377380371094,-0.4446187913417816,-0.09232760965824127,-1.4714020490646362,0.0,9826.0,6176.0,7699.0,317.16131591796875,-105.28327941894531,-64.32597351074219,-28.262845993041992,-8.743494033813477,0.25830912590026855,11.98983097076416,-7.932185649871826,5.464791774749756
1.2665,0.01936415024101734,-0.7038018703460693,-1.0708751678466797,0.1730208694934845,-1.8799893856048584,-3.292149305343628,178.0334014892578,-7.333364486694336,6.082135200500488,0.0,3.7953078746795654,75.05491638183594,-80.1535873413086,-207.13377380371094,-0.4446187913417816,-0.09232760965824127,-1.4714020490646362,0.0,9826.0,6176.0,7699.0,317.16131591796875,-105.28327941894531,-64.32597351074219,949.4046630859375,356.7521667480469,-105.33614349365234,151.88836669921875,74.52225494384766,-18.47886848449707
1.2755,0.02101954072713852,-0.7221958041191101,-1.1036792993545532,0.15680083632469177,-1.8114718198776245,-3.2691221237182617,178.0334014892578,-7.333364486694336,6.082135200500488,0.0,3.7953078746795654,75.05491638183594,-80.1535873413086,-207.13377380371094,-0.4446187913417816,-0.09232760965824127,-1.4714020490646362,0.0,9826.0,6176.0,7699.0,317.16131591796875,-105.28327941894531,-64.32597351074219,-46.49008560180664,-142.5358428955078,27.582443237304688,890.4384765625,220.67259216308594,-151.1683349609375
1.2859,0.02244504727423191,-0.7396730184555054,-1.1358661651611328,0.12553924322128296,-1.708913803100586,-3.170248508453369,179.72335815429688,-4.952315807342529,15.936017036437988,0.0,3.800586462020874,305.3057861328125,52.14720916748047,-182.50245666503906,0.29664018750190735,-2.3210928440093994,-2.791659116744995,0.0,9826.0,6176.0,7699.0,317.16131591796875,-105.28327941894531,-64.32597351074219,-399.0888366699219,-760.1954956054688,67.07176208496094,-193.46998596191406,-521.7561645507812,186.07447814941406
1.2955,0.023631181567907333,-0.7559004426002502,-1.166885256767273,0.11189740896224976,-1.5494465827941895,-3.0262162685394287,179.72335815429688,-4.952315807342529,15.936017036437988,0.0,3.800586462020874,305.3057861328125,52.14720916748047,-182.50245666503906,0.29664018750190735,-2.3210928440093994,-2.791659116744995,0.0,9826.0,6176.0,7699.0,317.16131591796875,-105.28327941894531,-64.32597351074219,19.606643676757812,68.72132110595703,1.6144652366638184,-437.0054931640625,-273.6494445800781,-51.09452819824219
1.3055,0.024764614179730415,-0.7712194323539734,-1.1974656581878662,0.11404576897621155,-1.5195300579071045,-3.086894989013672,179.72335815429688,-4.952315807342529,15.936017036437988,0.0,3.800586462020874,305.3057861328125,52.14720916748047,-182.50245666503906,0.29664018750190735,-2.3210928440093994,-2.791659116744995,0.0,8972.0,1427.0,7065.0,317.16131591796875,-105.28327941894531,-64.32597351074219,-15.014756202697754,-2.0957095623016357,-6.198826789855957,-23.644207000732422,-0.41747090220451355,-0.13852117955684662
1.3156,0.02589813992381096,-0.7864485383033752,-1.2289299964904785,0.11241260170936584,-1.5313712358474731,-3.203256607055664,179.72335815429688,-4.952315807342529,15.936017036437988,0.0,3.800586462020874,305.3057861328125,52.14720916748047,-182.50245666503906,0.29664018750190735,-2.3210928440093994,-2.791659116744995,0.0,8972.0,1427.0,7065.0,317.16131591796875,-105.28327941894531,-64.32597351074219,-19.114482879638672,5.616685390472412,0.032262563705444336,-14.551996231079102,5.707263469696045,-0.548362672328949
1.3255,0.02698260173201561,-0.8017562031745911,-1.2613763809204102,0.10511233657598495,-1.536653757095337,-3.2828426361083984,179.72335815429688,-4.952315807342529,15.936017036437988,0.0,3.800586462020874,305.3057861328125,52.14720916748047,-182.50245666503906,0.29664018750190735,-2.3210928440093994,-2.791659116744995,0.0,8972.0,1427.0,7065.0,317.16131591796875,-105.28327941894531,-64.32597351074219,-751.547119140625,417.6544494628906,-31.54154396057129,-670.3224487304688,399.5968933105469,24.00541114807129
1.3355,0.027947528287768364,-0.8168990612030029,-1.2939283847808838,0.08525852113962173,-1.5013909339904785,-3.2310097217559814,-171.74269104003906,-5.004507064819336,26.537769317626953,0.0,3.800586462020874,-341.53369140625,132.59725952148438,-219.44113159179688,-0.08092673867940903,-0.8464406132698059,-1.5885467529296875,0.0,8972.0,1427.0,7065.0,317.16131591796875,-105.28327941894531,-64.32597351074219,-101.58985137939453,-45.81961441040039,33.748294830322266,-63.43125915527344,152.63723754882812,-53.29489517211914
1.3455,0.028686223551630974,-0.8316559791564941,-1.3260282278060913,0.05976231396198273,-1.4613056182861328,-3.1971638202667236,-171.74269104003906,-5.004507064819336,26.537769317626953,0.0,3.800586462020874,-341.53369140625,132.59725952148438,-219.44113159179688,-0.08092673867940903,-0.8464406132698059,-1.5885467529296875,0.0,8972.0,1427.0,7065.0,317.16131591796875,-105.28327941894531,-64.32597351074219,360.52459716796875,-108.87945556640625,69.39839172363281,-8.96549129486084,-80.8153076171875,18.505332946777344
1.3554,0.029519278556108475,-0.8461369276046753,-1.3577059507369995,0.10522888600826263,-1.4408838748931885,-3.138444662094116,-171.74269104003906,-5.004507064819336,26.537769317626953,0.0,3.800586462020874,-341.53369140625,132.59725952148438,-219.44113159179688,-0.08092673867940903,-0.8464406132698059,-1.5885467529296875,0.0,8272.0,689.0,5401.0,317.16131591796875,-105.28327941894531,-64.32597351074219,166.83238220214844,-16.526630401611328,37.599552154541016,484.10101318359375,-80.77954864501953,108.27922058105469
1.3655,0.03083975613117218,-0.8605204224586487,-1.3891074657440186,0.16043338179588318,-1.4414937496185303,-3.138946056365967,-171.74269104003906,-5.004507064819336,26.537769317626953,0.0,3.800586462020874,-341.53369140625,132.59725952148438,-219.44113159179688,-0.08092673867940903,-0.8464406132698059,-1.5885467529296875,0.0,8272.0,689.0,5401.0,317.16131591796875,-105.28327941894531,-64.32597351074219,31.319931030273438,-28.517929077148438,-14.858871459960938,-23.88870620727539,5.288540840148926,-0.3936290442943573
1.3756,0.03259728476405144,-0.8749977946281433,-1.4207255840301514,0.1933843493461609,-1.4601714611053467,-3.1817233562469482,-171.74269104003906,-5.004507064819336,26.537769317626953,0.0,3.800586462020874,-341.53369140625,132.59725952148438,-219.44113159179688,-0.08092673867940903,-0.8464406132698059,-1.5885467529296875,0.0,8272.0,689.0,5401.0,317.16131591796875,-105.28327941894531,-64.32597351074219,42.034645080566406,-77.64059448242188,-10.155994415283203,284.929931640625,-248.0880584716797,17.04597282409668
1.3854,0.034757375717163086,-0.8896957039833069,-1.4526538848876953,0.2408159375190735,-1.4843157529830933,-3.201617956161499,178.3948516845703,-1.8298914432525635,35.27691650390625,0.0,3.800586462020874,71.69316101074219,-95.0925064086914,-144.14544677734375,0.17538121342658997,0.29751062393188477,-0.8273760676383972,0.0,8272.0,689.0,5401.0,317.16131591796875,-105.28327941894531,-64.32597351074219,176.91207885742188,-65.22621154785156,24.259422302246094,94.85679626464844,-65.64282989501953,1.724481463432312
1.3955,0.03730141371488571,-0.9046043753623962,-1.4847270250320435,0.27056849002838135,-1.5022732019424438,-3.2113265991210938,178.3948516845703,-1.8298914432525635,35.27691650390625,0.0,3.800586462020874,71.69316101074219,-95.0925064086914,-144.14544677734375,0.17538121342658997,0.29751062393188477,-0.8273760676383972,0.0,8272.0,689.0,5401.0,317.16131591796875,-105.28327941894531,-64.32597351074219,144.8433074951172,99.15171813964844,16.6380558013916,114.29273223876953,54.45706558227539,4.0082926750183105
1.4055,0.04008321836590767,-0.9197420477867126,-1.5168501138687134,0.28967371582984924,-1.530613660812378,-3.2123682498931885,178.3948516845703,-1.8298914432525635,35.27691650390625,0.0,3.800586462020874,71.69316101074219,-95.0925064086914,-144.14544677734375,0.17538121342658997,0.29751062393188477,-0.8273760676383972,0.0,7059.0,3378.0,4846.0,317.16131591796875,-105.28327941894531,-64.32597351074219,-254.3814697265625,119.88116455078125,55.9249153137207,36.9367561340332,106.56224822998047,-0.3757476508617401
1.4155,0.04286268353462219,-0.9351577162742615,-1.5487581491470337,0.26997700333595276,-1.5596015453338623,-3.166560411453247,178.3948516845703,-1.8298914432525635,35.27691650390625,0.0,3.800586462020874,71.69316101074219,-95.0925064086914,-144.14544677734375,0.17538121342658997,0.29751062393188477,-0.8273760676383972,0.0,7059.0,3378.0,4846.0,317.16131591796875,-105.28327941894531,-64.32597351074219,-92.12136840820312,18.564231872558594,4.681858539581299,-292.64990234375,43.70050048828125,48.95579528808594
1.4245,0.04542044177651405,-0.9507676959037781,-1.5804742574691772,0.24415193498134613,-1.5691605806350708,-3.1738200187683105,178.3948516845703,-1.8298914432525635,35.27691650390625,0.0,3.800586462020874,71.69316101074219,-95.0925064086914,-144.14544677734375,0.17538121342658997,0.29751062393188477,-0.8273760676383972,0.0,7059.0,3378.0,4846.0,317.16131591796875,-105.28327941894531,-64.32597351074219,-140.57786560058594,20.424022674560547,-4.983092784881592,-92.27162170410156,20.3040828704834,6.444453716278076
1.4355,0.047783393412828445,-0.9663372039794922,-1.612183690071106,0.23037534952163696,-1.551415205001831,-3.1655993461608887,-178.06610107421875,-3.899641275405884,41.67550277709961,0.0,3.800586462020874,-21.458860397338867,24.31061363220215,-80.1000747680664,0.18623651564121246,-0.12506182491779327,-1.059306025505066,0.0,7059.0,3378.0,4846.0,317.16131591796875,-105.28327941894531,-64.32597351074219,180.14144897460938,-50.1944465637207,34.004886627197266,111.26136016845703,-21.030900955200195,51.02193069458008
1.4445,0.05018305033445358,-0.9817716479301453,-1.6438508033752441,0.25186336040496826,-1.5412425994873047,-3.164747953414917,-178.06610107421875,-3.899641275405884,41.67550277709961,0.0,3.800586462020874,-21.458860397338867,24.31061363220215,-80.1000747680664,0.18623651564121246,-0.12506182491779327,-1.059306025505066,0.0,7059.0,3378.0,4846.0,317.16131591796875,-105.28327941894531,-64.32597351074219,-61.587276458740234,-74.48137664794922,25.325227737426758,74.32040405273438,-74.71371459960938,15.185712814331055
1.4555,0.05279678478837013,-0.9971908926963806,-1.6755061149597168,0.27336055040359497,-1.5482794046401978,-3.1632907390594482,-178.06610107421875,-3.899641275405884,41.67550277709961,0.0,3.800586462020874,-21.458860397338867,24.31061363220215,-80.1000747680664,0.18623651564121246,-0.12506182491779327,-1.059306025505066,0.0,6505.0,3378.0,4672.0,317.16131591796875,-105.28327941894531,-64.32597351074219,15.635318756103516,66.57294464111328,37.325557708740234,-66.44485473632812,41.69580078125,16.0117130279541
1.4655,0.055588241666555405,-1.0126762390136719,-1.707135558128357,0.2874448895454407,-1.554575800895691,-3.1595163345336914,-178.06610107421875,-3.899641275405884,41.67550277709961,0.0,3.800586462020874,-21.458860397338867,24.31061363220215,-80.1000747680664,0.18623651564121246,-0.12506182491779327,-1.059306025505066,0.0,6505.0,3378.0,4672.0,317.16131591796875,-105.28327941894531,-64.32597351074219,15.610458374023438,18.399442672729492,34.753082275390625,52.02228927612305,44.26819610595703,29.034194946289062
1.4756,0.05850331485271454,-1.0282107591629028,-1.7387323379516602,0.2981002926826477,-1.5581430196762085,-3.1567342281341553,-178.06610107421875,-3.899641275405884,41.67550277709961,0.0,3.800586462020874,-21.458860397338867,24.31061363220215,-80.1000747680664,0.18623651564121246,-0.12506182491779327,-1.059306025505066,0.0,6505.0,3378.0,4672.0,317.16131591796875,-105.28327941894531,-64.32597351074219,-26.622169494628906,-30.173553466796875,24.765758514404297,-28.642370223999023,-28.978361129760742,33.89185333251953
1.4855,0.06151462718844414,-1.0437759160995483,-1.7702994346618652,0.3066737651824951,-1.560689091682434,-3.1535637378692627,-178.86660766601562,-3.7109320163726807,44.8758659362793,0.0,3.800586462020874,-0.332611620426178,-4.901144027709961,-1.789209246635437,-0.01348166260868311,0.031115667894482613,-1.005194067955017,0.0,6505.0,3378.0,4672.0,317.16131591796875,-105.28327941894531,-64.32597351074219,18.596923828125,-5.700651168823242,35.28048324584961,2.671055316925049,-2.5114266872406006,39.21141815185547
1.4955,0.06461388617753983,-1.0593833923339844,-1.8018338680267334,0.3156965374946594,-1.5666157007217407,-3.1502041816711426,-178.86660766601562,-3.7109320163726807,44.8758659362793,0.0,3.800586462020874,-0.332611620426178,-4.901144027709961,-1.789209246635437,-0.01348166260868311,0.031115667894482613,-1.005194067955017,0.0,6505.0,3378.0,4672.0,317.16131591796875,-105.28327941894531,-64.32597351074219,4.772709846496582,17.350032806396484,-3.637774705886841,-4.560458183288574,18.739643096923828,4.564713478088379
1.5044,0.067803293466568,-1.075040340423584,-1.8333334922790527,0.32470065355300903,-1.5705811977386475,-3.146578073501587,-178.86660766601562,-3.7109320163726807,44.8758659362793,0.0,3.800586462020874,-0.332611620426178,-4.901144027709961,-1.789209246635437,-0.01348166260868311,0.031115667894482613,-1.005194067955017,0.0,2399.0,3378.0,4414.0,317.16131591796875,-105.28327941894531,-64.32597351074219,-9.137972831726074,0.9001245498657227,4.034911155700684,-9.25197982788086,-3.405160903930664,-12.534696578979492
1.5155,0.07108829915523529,-1.0907279253005981,-1.8647992610931396,0.3348127603530884,-1.5727276802062988,-3.1434082984924316,-178.86660766601562,-3.7109320163726807,44.8758659362793,0.0,3.800586462020874,-0.332611620426178,-4.901144027709961,-1.789209246635437,-0.01348166260868311,0.031115667894482613,-1.005194067955017,0.0,2399.0,3378.0,4414.0,317.16131591796875,-105.28327941894531,-64.32597351074219,1.1006516218185425,-12.546723365783691,-19.228099822998047,9.901172637939453,-8.812152862548828,10.327558517456055
1.5245,0.07447538524866104,-1.1064363718032837,-1.8962347507476807,0.3451148271560669,-1.5747430324554443,-3.14052152633667,-178.86660766601562,-3.7109320163726807,44.8758659362793,0.0,3.800586462020874,-0.332611620426178,-4.901144027709961,-1.789209246635437,-0.01348166260868311,0.031115667894482613,-1.005194067955017,0.0,2399.0,3378.0,4414.0,317.16131591796875,-105.28327941894531,-64.32597351074219,7.978259086608887,1.1008201837539673,19.21122169494629,-3.5457231998443604,8.7555570602417,14.0660400390625
1.5356,0.07796140760183334,-1.1221669912338257,-1.9276411533355713,0.3545996844768524,-1.5771598815917969,-3.1375856399536133,-179.39987182617188,-3.968388319015503,45.0015983581543,0.0,3.800586462020874,-2.3144309520721436,0.8509848117828369,-1.8598827123641968,0.0024440051056444645,0.01984306611120701,-1.001698613166809,0.0,2399.0,3378.0,4414.0,317.16131591796875,-105.28327941894531,-64.32597351074219,2.729308605194092,8.47903060913086,9.183873176574707,-15.032135963439941,1.9642868041992188,-23.013580322265625
1.5445,0.08154375106096268,-1.1379215717315674,-1.9590181112289429,0.36437609791755676,-1.5795344114303589,-3.134610414505005,-179.39987182617188,-3.968388319015503,45.0015983581543,0.0,3.800586462020874,-2.3144309520721436,0.8509848117828369,-1.8598827123641968,0.0024440051056444645,0.01984306611120701,-1.001698613166809,0.0,2399.0,3378.0,4414.0,317.16131591796875,-105.28327941894531,-64.32597351074219,-14.235771179199219,-2.402527332305908,-7.133930683135986,8.571263313293457,-7.755887985229492,-0.19696353375911713
1.5546,0.08522256463766098,-1.153695821762085,-1.9903640747070312,0.3738909661769867,-1.5810929536819458,-3.131373643875122,-179.39987182617188,-3.968388319015503,45.0015983581543,0.0,3.800586462020874,-2.3144309520721436,0.8509848117828369,-1.8598827123641968,0.0024440051056444645,0.01984306611120701,-1.001698613166809,0.0,1222.0,0.0,4126.0,317.16131591796875,-105.28327941894531,-64.32597351074219,4.8725385665893555,-2.6393308639526367,-4.835573196411133,5.954658031463623,3.9128942489624023,13.425551414489746
1.5656,0.08899851888418198,-1.1694846153259277,-2.0216786861419678,0.38380131125450134,-1.5824315547943115,-3.1283578872680664,-179.39987182617188,-3.968388319015503,45.0015983581543,0.0,3.800586462020874,-2.3144309520721436,0.8509848117828369,-1.8598827123641968,0.0024440051056444645,0.01984306611120701,-1.001698613166809,0.0,1222.0,0.0,4126.0,317.16131591796875,-105.28327941894531,-64.32597351074219,7.018781661987305,3.9592299461364746,30.750770568847656,-6.677849769592285,0.36697739362716675,-9.720242500305176
1.5755,0.09286963194608688,-1.1852881908416748,-2.0529632568359375,0.3929222822189331,-1.5840283632278442,-3.125314950942993,-179.39987182617188,-3.968388319015503,45.0015983581543,0.0,3.800586462020874,-2.3144309520721436,0.8509848117828369,-1.8598827123641968,0.0024440051056444645,0.01984306611120701,-1.001698613166809,0.0,1222.0,0.0,4126.0,317.16131591796875,-105.28327941894531,-64.32597351074219,-14.226065635681152,-1.0945863723754883,-16.64775848388672,0.00698119355365634,-4.088422775268555,-19.720191955566406
1.5856,0.0968320220708847,-1.201104998588562,-2.084216833114624,0.40205273032188416,-1.5850868225097656,-3.122171401977539,-179.92892456054688,-4.1837849617004395,44.96317672729492,0.0,3.800586462020874,2.048109531402588,0.07888667285442352,1.2644493579864502,0.012902670539915562,0.01737307198345661,-1.0009078979492188,0.0,1222.0,0.0,4126.0,317.16131591796875,-105.28327941894531,-64.32597351074219,2.8935835361480713,-6.055576324462891,-5.136038303375244,15.03380298614502,3.908724308013916,16.795799255371094
1.5946,0.1008865088224411,-1.2169312238693237,-2.115438938140869,0.41133955121040344,-1.5858949422836304,-3.1190125942230225,-179.92892456054688,-4.1837849617004395,44.96317672729492,0.0,3.800586462020874,2.048109531402588,0.07888667285442352,1.2644493579864502,0.012902670539915562,0.01737307198345661,-1.0009078979492188,0.0,1222.0,0.0,4126.0,317.16131591796875,-105.28327941894531,-64.32597351074219,5.461367130279541,5.496943950653076,12.533486366271973,-8.115917205810547,1.6147661209106445,-4.059303283691406
1.6055,0.10503378510475159,-1.2327665090560913,-2.146629571914673,0.42060866951942444,-1.586905598640442,-3.1158597469329834,-179.92892456054688,-4.1837849617004395,44.96317672729492,0.0,3.800586462020874,2.048109531402588,0.07888667285442352,1.2644493579864502,0.012902670539915562,0.01737307198345661,-1.0009078979492188,0.0,842.0,0.0,3859.0,317.16131591796875,-105.28327941894531,-64.32597351074219,-3.911337375640869,-4.689011573791504,-17.03509521484375,0.4668561518192291,-4.957400798797607,-11.817602157592773
1.6155,0.10927308350801468,-1.2486108541488647,-2.177788257598877,0.42974093556404114,-1.587699055671692,-3.112642288208008,-179.92892456054688,-4.1837849617004395,44.96317672729492,0.0,3.800586462020874,2.048109531402588,0.07888667285442352,1.2644493579864502,0.012902670539915562,0.01737307198345661,-1.0009078979492188,0.0,842.0,0.0,3859.0,317.16131591796875,-105.28327941894531,-64.32597351074219,9.881593704223633,-4.010624408721924,-4.096182346343994,2.8144874572753906,8.482905387878418,26.93446159362793
1.6245,0.1136050745844841,-1.2644603252410889,-2.2089154720306396,0.4391458034515381,-1.5879130363464355,-3.109558343887329,-179.92892456054688,-4.1837849617004395,44.96317672729492,0.0,3.800586462020874,2.048109531402588,0.07888667285442352,1.2644493579864502,0.012902670539915562,0.01737307198345661,-1.0009078979492188,0.0,842.0,0.0,3859.0,317.16131591796875,-105.28327941894531,-64.32597351074219,0.5385349988937378,6.65120267868042,15.913803100585938,-14.155044555664062,-1.7164478302001953,-13.704093933105469
1.6355,0.11803030222654343,-1.2803140878677368,-2.2400119304656982,0.44838523864746094,-1.588544487953186,-3.1064796447753906,179.54681396484375,-4.407142162322998,44.955257415771484,0.0,3.800586462020874,1.35780668258667,-0.7951546907424927,-0.518257200717926,0.013198154978454113,0.015070986934006214,-1.0041738748550415,0.0,842.0,0.0,3859.0,317.16131591796875,-105.28327941894531,-64.32597351074219,-7.868544578552246,-6.508135795593262,-10.86844539642334,9.512460708618164,-4.1457624435424805,-3.017974853515625
1.6454,0.12254628539085388,-1.2961702346801758,-2.2710764408111572,0.45729342103004456,-1.588395595550537,-3.1031229496002197,179.54681396484375,-4.407142162322998,44.955257415771484,0.0,3.800586462020874,1.35780668258667,-0.7951546907424927,-0.518257200717926,0.013198154978454113,0.015070986934006214,-1.0041738748550415,0.0,842.0,0.0,3859.0,317.16131591796875,-105.28327941894531,-64.32597351074219,5.933830261230469,4.044442176818848,13.453839302062988,-2.853093385696411,6.001887798309326,9.398900985717773
1.6545,0.12715168297290802,-1.3120248317718506,-2.3021080493927,0.4662686288356781,-1.5882339477539062,-3.0999183654785156,179.54681396484375,-4.407142162322998,44.955257415771484,0.0,3.800586462020874,1.35780668258667,-0.7951546907424927,-0.518257200717926,0.013198154978454113,0.015070986934006214,-1.0041738748550415,0.0,842.0,0.0,3569.0,317.16131591796875,-105.28327941894531,-64.32597351074219,-8.372893333435059,-1.0809509754180908,-5.939634799957275,2.581089496612549,-7.18975305557251,-21.962345123291016
1.6655,0.13184420764446259,-1.3278778791427612,-2.3331081867218018,0.47471529245376587,-1.5880711078643799,-3.09682035446167,179.54681396484375,-4.407142162322998,44.955257415771484,0.0,3.800586462020874,1.35780668258667,-0.7951546907424927,-0.518257200717926,0.013198154978454113,0.015070986934006214,-1.0041738748550415,0.0,842.0,0.0,3569.0,317.16131591796875,-105.28327941894531,-64.32597351074219,9.106962203979492,-6.037782192230225,-9.288192749023438,5.2000226974487305,8.258008003234863,25.326313018798828
1.6746,0.13662084937095642,-1.3437267541885376,-2.364076852798462,0.48308902978897095,-1.5873963832855225,-3.093626022338867,179.54681396484375,-4.407142162322998,44.955257415771484,0.0,3.800586462020874,1.35780668258667,-0.7951546907424927,-0.518257200717926,0.013198154978454113,0.015070986934006214,-1.0041738748550415,0.0,842.0,0.0,3569.0,317.16131591796875,-105.28327941894531,-64.32597351074219,-0.6082983016967773,9.758898735046387,18.8291015625,-12.868782043457031,-1.770825982093811,-13.719453811645508
1.6845,0.14148233830928802,-1.3595713376998901,-2.3950142860412598,0.4916830062866211,-1.5872122049331665,-3.090538740158081,179.02117919921875,-4.629619598388672,44.93396759033203,0.0,3.8058650493621826,1.7285287380218506,-0.3715806305408478,-0.466875821352005,0.013092906214296818,0.016023527830839157,-1.0021450519561768,0.0,842.0,0.0,3569.0,317.16131591796875,-105.28327941894531,-64.32597351074219,-4.556229114532471,-6.38857889175415,-13.161046981811523,10.025638580322266,-4.212327003479004,-3.1021347045898438
1.6946,0.14642906188964844,-1.3754092454910278,-2.4259209632873535,0.5001311302185059,-1.5860373973846436,-3.0874855518341064,179.02117919921875,-4.629619598388672,44.93396759033203,0.0,3.8058650493621826,1.7285287380218506,-0.3715806305408478,-0.466875821352005,0.013092906214296818,0.016023527830839157,-1.0021450519561768,0.0,842.0,0.0,3569.0,317.16131591796875,-105.28327941894531,-64.32597351074219,5.651799201965332,3.3186988830566406,18.823211669921875,-7.673620700836182,4.613401889801025,5.838930130004883
1.7045,0.15145988762378693,-1.3912379741668701,-2.4567978382110596,0.50850510597229,-1.5853707790374756,-3.084568977355957,179.02117919921875,-4.629619598388672,44.93396759033203,0.0,3.8058650493621826,1.7285287380218506,-0.3715806305408478,-0.466875821352005,0.013092906214296818,0.016023527830839157,-1.0021450519561768,0.0,644.0,0.0,3396.0,317.16131591796875,-105.28327941894531,-64.32597351074219,-6.394420623779297,-4.766853332519531,-22.708839416503906,5.654537677764893,-3.494825839996338,-17.27581214904785
1.7144,0.1565738022327423,-1.4070558547973633,-2.487644910812378,0.5167410373687744,-1.583862066268921,-3.08154296875,179.02117919921875,-4.629619598388672,44.93396759033203,0.0,3.8058650493621826,1.7285287380218506,-0.3715806305408478,-0.466875821352005,0.013092906214296818,0.016023527830839157,-1.0021450519561768,0.0,644.0,0.0,3396.0,317.16131591796875,-105.28327941894531,-64.32597351074219,11.920827865600586,2.4598779678344727,12.895915031433105,-3.0450632572174072,5.142838954925537,27.760744094848633
1.7255,0.16177180409431458,-1.4228596687316895,-2.5184617042541504,0.525325357913971,-1.5825635194778442,-3.0785129070281982,179.02117919921875,-4.629619598388672,44.93396759033203,0.0,3.8058650493621826,1.7285287380218506,-0.3715806305408478,-0.466875821352005,0.013092906214296818,0.016023527830839157,-1.0021450519561768,0.0,644.0,0.0,3396.0,317.16131591796875,-105.28327941894531,-64.32597351074219,-13.788874626159668,-1.5207319259643555,4.615004539489746,-5.778651237487793,-5.345778942108154,-27.352310180664062
1.7356,0.16705229878425598,-1.4386496543884277,-2.5492475032806396,0.5332354307174683,-1.5810894966125488,-3.0753438472747803,178.50135803222656,-4.843699932098389,44.902618408203125,0.0,3.800586462020874,1.3977802991867065,1.0060374736785889,2.3483002185821533,0.006345976144075394,0.02228735387325287,-0.9991968870162964,0.0,644.0,0.0,3396.0,317.16131591796875,-105.28327941894531,-64.32597351074219,11.66772174835205,-1.6747853755950928,-10.261645317077637,8.775537490844727,6.142279624938965,14.778894424438477
1.7455,0.1724126636981964,-1.4544233083724976,-2.5800023078918457,0.5412960052490234,-1.5792734622955322,-3.0723013877868652,178.50135803222656,-4.843699932098389,44.902618408203125,0.0,3.800586462020874,1.3977802991867065,1.0060374736785889,2.3483002185821533,0.006345976144075394,0.02228735387325287,-0.9991968870162964,0.0,644.0,0.0,3396.0,317.16131591796875,-105.28327941894531,-64.32597351074219,-8.92480182647705,2.694164276123047,10.887033462524414,-10.232601165771484,-4.522207736968994,-8.242330551147461
1.7544,0.17785118520259857,-1.4701786041259766,-2.6107254028320312,0.5488649606704712,-1.577430009841919,-3.0689685344696045,178.50135803222656,-4.843699932098389,44.902618408203125,0.0,3.800586462020874,1.3977802991867065,1.0060374736785889,2.3483002185821533,0.006345976144075394,0.02228735387325287,-0.9991968870162964,0.0,644.0,0.0,3093.0,317.16131591796875,-105.28327941894531,-64.32597351074219,5.246743202209473,0.9464805126190186,-15.223292350769043,9.409867286682129,2.4239842891693115,8.998468399047852
1.7655,0.18336842954158783,-1.4859123229980469,-2.6414153575897217,0.5570357441902161,-1.5749515295028687,-3.0657119750976562,178.50135803222656,-4.843699932098389,44.902618408203125,0.0,3.800586462020874,1.3977802991867065,1.0060374736785889,2.3483002185821533,0.006345976144075394,0.02228735387325287,-0.9991968870162964,0.0,644.0,0.0,3093.0,317.16131591796875,-105.28327941894531,-64.32597351074219,-6.872287273406982,1.4562252759933472,18.66863250732422,-7.877045631408691,-7.008663654327393,-8.49586296081543
1.7745,0.18896281719207764,-1.5016233921051025,-2.672072410583496,0.5642927885055542,-1.572891354560852,-3.0623605251312256,178.50135803222656,-4.843699932098389,44.902618408203125,0.0,3.800586462020874,1.3977802991867065,1.0060374736785889,2.3483002185821533,0.006345976144075394,0.02228735387325287,-0.9991968870162964,0.0,644.0,0.0,3093.0,317.16131591796875,-105.28327941894531,-64.32597351074219,6.937231063842773,-1.5020701885223389,-25.332332611083984,11.02251148223877,5.52345609664917,3.774717330932617
1.7855,0.1946331411600113,-1.517309546470642,-2.702697515487671,0.5722182393074036,-1.569952130317688,-3.059330463409424,177.96157836914062,-5.066597938537598,44.86904525756836,0.0,3.8058650493621826,-2.058753728866577,-1.1009835004806519,0.8826758861541748,0.005045117810368538,0.00802877638489008,-1.00443434715271,0.0,644.0,0.0,3093.0,317.16131591796875,-105.28327941894531,-64.32597351074219,-5.580517768859863,2.205292224884033,18.410823822021484,-12.165329933166504,-5.160406589508057,9.19293212890625
1.7956,0.20038039982318878,-1.5329689979553223,-2.7332923412323,0.579680323600769,-1.5675605535507202,-3.0563135147094727,177.96157836914062,-5.066597938537598,44.86904525756836,0.0,3.8058650493621826,-2.058753728866577,-1.1009835004806519,0.8826758861541748,0.005045117810368538,0.00802877638489008,-1.00443434715271,0.0,644.0,0.0,3093.0,317.16131591796875,-105.28327941894531,-64.32597351074219,2.9124488830566406,-3.753739595413208,-11.870071411132812,12.20775318145752,4.07073974609375,-11.500588417053223
1.8045,0.20620375871658325,-1.5486012697219849,-2.763857841491699,0.5874320268630981,-1.5645086765289307,-3.053452491760254,177.96157836914062,-5.066597938537598,44.86904525756836,0.0,3.8058650493621826,-2.058753728866577,-1.1009835004806519,0.8826758861541748,0.005045117810368538,0.00802877638489008,-1.00443434715271,0.0,825.0,0.0,2910.0,317.16131591796875,-105.28327941894531,-64.32597351074219,-2.980043649673462,1.275585651397705,2.78385066986084,-9.609397888183594,-5.5108819007873535,10.342874526977539
1.8145,0.21210311353206635,-1.5642043352127075,-2.794393539428711,0.5948800444602966,-1.5617048740386963,-3.050340175628662,177.96157836914062,-5.066597938537598,44.86904525756836,0.0,3.8058650493621826,-2.058753728866577,-1.1009835004806519,0.8826758861541748,0.005045117810368538,0.00802877638489008,-1.00443434715271,0.0,825.0,0.0,2910.0,317.16131591796875,-105.28327941894531,-64.32597351074219,2.5187525749206543,1.4531340599060059,-2.9327552318573,9.363336563110352,6.610187530517578,-1.0163522958755493
1.8255,0.21807807683944702,-1.5797771215438843,-2.8248987197875977,0.6025480628013611,-1.5584373474121094,-3.047355890274048,177.96157836914062,-5.066597938537598,44.86904525756836,0.0,3.8058650493621826,-2.058753728866577,-1.1009835004806519,0.8826758861541748,0.005045117810368538,0.00802877638489008,-1.00443434715271,0.0,825.0,0.0,2910.0,317.16131591796875,-105.28327941894531,-64.32597351074219,-8.683385848999023,-3.3690547943115234,7.152127742767334,-5.572375297546387,-6.174872875213623,-3.3024213314056396
1.8355,0.2241268903017044,-1.5953152179718018,-2.8553733825683594,0.609650194644928,-1.5547642707824707,-3.0442488193511963,177.44358825683594,-5.282060623168945,44.84958267211914,0.0,3.800586462020874,0.8005116581916809,1.251052737236023,0.4295472800731659,0.005985774099826813,0.02134397067129612,-1.0012264251708984,0.0,825.0,0.0,2910.0,317.16131591796875,-105.28327941894531,-64.32597351074219,10.63521957397461,2.2682104110717773,-12.313944816589355,5.179620742797852,6.903610706329346,2.8413941860198975
1.8445,0.23024868965148926,-1.6108165979385376,-2.885817766189575,0.6171411275863647,-1.5510988235473633,-3.041293144226074,177.44358825683594,-5.282060623168945,44.84958267211914,0.0,3.800586462020874,0.8005116581916809,1.251052737236023,0.4295472800731659,0.005985774099826813,0.02134397067129612,-1.0012264251708984,0.0,825.0,0.0,2910.0,317.16131591796875,-105.28327941894531,-64.32597351074219,-13.316373825073242,-2.304351568222046,11.151408195495605,-5.111638069152832,-9.481115341186523,3.346651554107666
1.8545,0.23644067347049713,-1.6262789964675903,-2.916231393814087,0.6236852407455444,-1.5469592809677124,-3.0381243228912354,177.44358825683594,-5.282060623168945,44.84958267211914,0.0,3.800586462020874,0.8005116581916809,1.251052737236023,0.4295472800731659,0.005985774099826813,0.02134397067129612,-1.0012264251708984,0.0,959.0,0.0,2712.0,317.16131591796875,-105.28327941894531,-64.32597351074219,11.136630058288574,4.694283962249756,-6.5143914222717285,4.313051223754883,8.715911865234375,-5.624215602874756
1.8645,0.24270129203796387,-1.64170241355896,-2.946615219116211,0.630864679813385,-1.5432981252670288,-3.0353238582611084,177.44358825683594,-5.282060623168945,44.84958267211914,0.0,3.800586462020874,0.8005116581916809,1.251052737236023,0.4295472800731659,0.005985774099826813,0.02134397067129612,-1.0012264251708984,0.0,959.0,0.0,2712.0,317.16131591796875,-105.28327941894531,-64.32597351074219,-8.680198669433594,-4.412937164306641,-2.810211658477783,-2.8250699043273926,-5.4804792404174805,8.103605270385742
1.8745,0.2490326315164566,-1.6570831537246704,-2.9769701957702637,0.6378257870674133,-1.538406252861023,-3.032357931137085,177.44358825683594,-5.282060623168945,44.84958267211914,0.0,3.800586462020874,0.8005116581916809,1.251052737236023,0.4295472800731659,0.005985774099826813,0.02134397067129612,-1.0012264251708984,0.0,959.0,0.0,2712.0,317.16131591796875,-105.28327941894531,-64.32597351074219,4.914780616760254,3.633845567703247,11.078187942504883,-0.13551487028598785,2.062159538269043,-3.8610153198242188
1.8856,0.25543349981307983,-1.6724205017089844,-3.007295608520508,0.6447725892066956,-1.5346215963363647,-3.029412269592285,176.90716552734375,-5.504996299743652,44.8177375793457,0.0,3.8058650493621826,1.483522653579712,0.819338321685791,-0.6512393951416016,0.010335330851376057,0.017029035836458206,-1.0012948513031006,0.0,959.0,0.0,2712.0,317.16131591796875,-105.28327941894531,-64.32597351074219,-1.2951914072036743,-4.4458112716674805,-15.252740859985352,4.382252216339111,2.2223079204559326,-1.2881717681884766
1.8945,0.2619037628173828,-1.6877137422561646,-3.0375916957855225,0.6516954302787781,-1.529571294784546,-3.0264995098114014,176.90716552734375,-5.504996299743652,44.8177375793457,0.0,3.8058650493621826,1.483522653579712,0.819338321685791,-0.6512393951416016,0.010335330851376057,0.017029035836458206,-1.0012948513031006,0.0,959.0,0.0,2712.0,317.16131591796875,-105.28327941894531,-64.32597351074219,-5.131421089172363,2.9146037101745605,10.74111557006836,-7.837026119232178,-3.1619749069213867,8.180046081542969
1.9046,0.2684421241283417,-1.7029595375061035,-3.067858934402466,0.6583947539329529,-1.5251370668411255,-3.0236220359802246,176.90716552734375,-5.504996299743652,44.8177375793457,0.0,3.8058650493621826,1.483522653579712,0.819338321685791,-0.6512393951416016,0.010335330851376057,0.017029035836458206,-1.0012948513031006,0.0,959.0,0.0,2516.0,317.16131591796875,-105.28327941894531,-64.32597351074219,5.457643985748291,-0.6798485517501831,-8.381080627441406,10.912980079650879,3.641448736190796,-9.159086227416992
1.9146,0.2750489115715027,-1.7181587219238281,-3.0980982780456543,0.6653768420219421,-1.5202429294586182,-3.0209298133850098,176.90716552734375,-5.504996299743652,44.8177375793457,0.0,3.8058650493621826,1.483522653579712,0.819338321685791,-0.6512393951416016,0.010335330851376057,0.017029035836458206,-1.0012948513031006,0.0,959.0,0.0,2516.0,317.16131591796875,-105.28327941894531,-64.32597351074219,-7.845624923706055,-0.3787519335746765,2.7975986003875732,-8.490154266357422,-7.707728862762451,9.168978691101074
1.9245,0.2817227840423584,-1.7333076000213623,-3.128309726715088,0.6718114018440247,-1.515058159828186,-3.0180752277374268,176.90716552734375,-5.504996299743652,44.8177375793457,0.0,3.8058650493621826,1.483522653579712,0.819338321685791,-0.6512393951416016,0.010335330851376057,0.017029035836458206,-1.0012948513031006,0.0,959.0,0.0,2516.0,317.16131591796875,-105.28327941894531,-64.32597351074219,10.257964134216309,4.451568603515625,7.0620574951171875,7.530988693237305,4.1314287185668945,-9.346447944641113
1.9356,0.2884615659713745,-1.7484060525894165,-3.1584930419921875,0.6783514022827148,-1.5101476907730103,-3.0152673721313477,176.37167358398438,-5.721850872039795,44.78327178955078,0.0,3.8058650493621826,0.10625134408473969,0.3571009635925293,0.21264725923538208,0.013241633772850037,0.00763245765119791,-1.0031310319900513,0.0,959.0,0.0,2516.0,317.16131591796875,-105.28327941894531,-64.32597351074219,-7.176326751708984,-5.471823215484619,-8.334394454956055,-3.5267655849456787,-0.9847394227981567,0.952528715133667
1.9446,0.2952654957771301,-1.763448715209961,-3.188648223876953,0.6848373413085938,-1.5038965940475464,-3.012458562850952,176.37167358398438,-5.721850872039795,44.78327178955078,0.0,3.8058650493621826,0.10625134408473969,0.3571009635925293,0.21264725923538208,0.013241633772850037,0.00763245765119791,-1.0031310319900513,0.0,959.0,0.0,2516.0,317.16131591796875,-105.28327941894531,-64.32597351074219,5.4014997482299805,2.0320942401885986,8.757142066955566,-1.516044020652771,-1.1936053037643433,1.6853752136230469
1.9545,0.302134245634079,-1.7784335613250732,-3.2187752723693848,0.69132000207901,-1.4985766410827637,-3.009654998779297,176.37167358398438,-5.721850872039795,44.78327178955078,0.0,3.8058650493621826,0.10625134408473969,0.3571009635925293,0.21264725923538208,0.013241633772850037,0.00763245765119791,-1.0031310319900513,0.0,0.0,0.0,2355.0,317.16131591796875,-105.28327941894531,-64.32597351074219,1.0877248048782349,0.5925071835517883,-9.039624214172363,3.6995739936828613,4.161735534667969,-1.1752619743347168
1.9646,0.3090677559375763,-1.793361783027649,-3.248873472213745,0.6977803111076355,-1.4925752878189087,-3.006718397140503,176.37167358398438,-5.721850872039795,44.78327178955078,0.0,3.8058650493621826,0.10625134408473969,0.3571009635925293,0.21264725923538208,0.013241633772850037,0.00763245765119791,-1.0031310319900513,0.0,0.0,0.0,2355.0,317.16131591796875,-105.28327941894531,-64.32597351074219,-6.155279636383057,-3.1973886489868164,6.659074306488037,-2.6935999393463135,-2.909982919692993,1.0834578275680542
1.9745,0.3160642981529236,-1.808228611946106,-3.278942108154297,0.7039287090301514,-1.4862909317016602,-3.0037295818328857,176.37167358398438,-5.721850872039795,44.78327178955078,0.0,3.8058650493621826,0.10625134408473969,0.3571009635925293,0.21264725923538208,0.013241633772850037,0.00763245765119791,-1.0031310319900513,0.0,0.0,0.0,2355.0,317.16131591796875,-105.28327941894531,-64.32597351074219,6.367589950561523,5.926393508911133,-1.4704575538635254,1.4974548816680908,2.2864041328430176,-1.2123416662216187
1.9855,0.32312247157096863,-1.823037028312683,-3.3089816570281982,0.7101008892059326,-1.4808968305587769,-3.0009076595306396,175.84532165527344,-5.93468713760376,44.74489974975586,0.0,3.8058650493621826,1.2521339654922485,0.7060053944587708,-0.04197769612073898,0.010935859754681587,0.013015463948249817,-1.003553867340088,0.0,0.0,0.0,2355.0,317.16131591796875,-105.28327941894531,-64.32597351074219,-7.743112564086914,-4.416402339935303,1.891395926475525,2.870697259902954,0.7666628360748291,-0.35650375485420227
1.9945,0.3302418887615204,-1.8377827405929565,-3.3389928340911865,0.7161725163459778,-1.4737343788146973,-2.998065233230591,175.84532165527344,-5.93468713760376,44.74489974975586,0.0,3.8058650493621826,1.2521339654922485,0.7060053944587708,-0.04197769612073898,0.010935859754681587,0.013015463948249817,-1.003553867340088,0.0,0.0,0.0,2355.0,317.16131591796875,-105.28327941894531,-64.32597351074219,4.3205695152282715,2.2676846981048584,-1.183395266532898,-5.806819915771484,-3.3777353763580322,-0.8317187428474426
2.0045,0.3374229073524475,-1.8524612188339233,-3.368976593017578,0.7224192023277283,-1.467437744140625,-2.995450496673584,175.84532165527344,-5.93468713760376,44.74489974975586,0.0,3.8058650493621826,1.2521339654922485,0.7060053944587708,-0.04197769612073898,0.010935859754681587,0.013015463948249817,-1.003553867340088,0.0,0.0,0.0,2165.0,317.16131591796875,-105.28327941894531,-64.32597351074219,2.51603364944458,3.5001144409179688,2.2838096618652344,5.411525726318359,1.5359035730361938,1.487988829612732
2.0146,0.3446637988090515,-1.8670755624771118,-3.3989343643188477,0.7281471490859985,-1.4609014987945557,-2.992832660675049,175.84532165527344,-5.93468713760376,44.74489974975586,0.0,3.8058650493621826,1.2521339654922485,0.7060053944587708,-0.04197769612073898,0.010935859754681587,0.013015463948249817,-1.003553867340088,0.0,0.0,0.0,2165.0,317.16131591796875,-105.28327941894531,-64.32597351074219,-1.7675352096557617,-3.863524913787842,-1.5904620885849,-5.467417240142822,-0.979907751083374,-2.7375638484954834
2.0244,0.35196298360824585,-1.8816206455230713,-3.4288666248321533,0.7340716123580933,-1.4535930156707764,-2.9903922080993652,175.84532165527344,-5.93468713760376,44.74489974975586,0.0,3.8058650493621826,1.2521339654922485,0.7060053944587708,-0.04197769612073898,0.010935859754681587,0.013015463948249817,-1.003553867340088,0.0,0.0,0.0,2165.0,317.16131591796875,-105.28327941894531,-64.32597351074219,2.304041624069214,-0.8259677290916443,2.6345608234405518,3.2385072708129883,-1.1632543802261353,1.5020434856414795
2.0346,0.35932043194770813,-1.896094799041748,-3.4587745666503906,0.739802360534668,-1.4467008113861084,-2.9879612922668457,175.32034301757812,-6.141879081726074,44.711238861083984,0.0,3.8058650493621826,-0.11829284578561783,1.2781039476394653,0.6633753180503845,0.0008881556568667293,0.01499230694025755,-1.001598596572876,0.0,0.0,0.0,2165.0,317.16131591796875,-105.28327941894531,-64.32597351074219,-0.8519201278686523,4.784022331237793,-2.61163330078125,-2.3686439990997314,4.851193428039551,0.7067722678184509
2.0444,0.3667336404323578,-1.910499095916748,-3.488656997680664,0.7452177405357361,-1.4396097660064697,-2.9852805137634277,175.32034301757812,-6.141879081726074,44.711238861083984,0.0,3.8058650493621826,-0.11829284578561783,1.2781039476394653,0.6633753180503845,0.0008881556568667293,0.01499230694025755,-1.001598596572876,0.0,0.0,0.0,2165.0,317.16131591796875,-105.28327941894531,-64.32597351074219,-1.8207952976226807,-5.693774223327637,1.577338695526123,3.9118990898132324,-3.5016403198242188,-1.6627283096313477
2.0545,0.37420257925987244,-1.9248273372650146,-3.5185134410858154,0.7509452700614929,-1.431501030921936,-2.982802152633667,175.32034301757812,-6.141879081726074,44.711238861083984,0.0,3.8058650493621826,-0.11829284578561783,1.2781039476394653,0.6633753180503845,0.0008881556568667293,0.01499230694025755,-1.001598596572876,0.0,0.0,0.0,2012.0,317.16131591796875,-105.28327941894531,-64.32597351074219,-0.6158519983291626,2.302529811859131,-2.1281182765960693,-3.455678939819336,-3.6899499893188477,1.5612667798995972
2.0645,0.3817271590232849,-1.9390785694122314,-3.5483458042144775,0.7563427686691284,-1.4241920709609985,-2.9804623126983643,175.32034301757812,-6.141879081726074,44.711238861083984,0.0,3.8058650493621826,-0.11829284578561783,1.2781039476394653,0.6633753180503845,0.0008881556568667293,0.01499230694025755,-1.001598596572876,0.0,0.0,0.0,2012.0,317.16131591796875,-105.28327941894531,-64.32597351074219,3.5405356884002686,1.3989776372909546,-0.7877568602561951,4.40647554397583,7.5347371101379395,1.9104212522506714
2.0745,0.3893049657344818,-1.9532535076141357,-3.5781540870666504,0.7615886330604553,-1.4162535667419434,-2.9779927730560303,175.32034301757812,-6.141879081726074,44.711238861083984,0.0,3.8058650493621826,-0.11829284578561783,1.2781039476394653,0.6633753180503845,0.0008881556568667293,0.01499230694025755,-1.001598596572876,0.0,0.0,0.0,2012.0,317.16131591796875,-105.28327941894531,-64.32597351074219,-3.269690752029419,-7.224652290344238,1.0780134201049805,-6.732639312744141,-4.344954967498779,-0.49531981348991394
2.0845,0.39693668484687805,-1.967344880104065,-3.607938051223755,0.767126202583313,-1.4074639081954956,-2.9756250381469727,174.79705810546875,-6.350545406341553,44.66847229003906,0.0,3.8058650493621826,0.04137077555060387,-1.5489035844802856,-0.25628262758255005,0.01006232388317585,0.01459759846329689,-1.001163125038147,0.0,0.0,0.0,2012.0,317.16131591796875,-105.28327941894531,-64.32597351074219,3.469722032546997,2.098315954208374,-2.030515670776367,1.91737699508667,-1.3014003038406372,-0.8167956471443176
2.0944,0.40462175011634827,-1.9813517332077026,-3.637698173522949,0.7722545266151428,-1.3993451595306396,-2.9732272624969482,174.79705810546875,-6.350545406341553,44.66847229003906,0.0,3.8058650493621826,0.04137077555060387,-1.5489035844802856,-0.25628262758255005,0.01006232388317585,0.01459759846329689,-1.001163125038147,0.0,0.0,0.0,2012.0,317.16131591796875,-105.28327941894531,-64.32597351074219,-0.9750247001647949,0.8885818123817444,2.2292327880859375,0.590170681476593,5.387956142425537,2.6595170497894287
2.1045,0.41235625743865967,-1.9952768087387085,-3.667433261871338,0.7770129442214966,-1.391108751296997,-2.970623254776001,174.79705810546875,-6.350545406341553,44.66847229003906,0.0,3.8058650493621826,0.04137077555060387,-1.5489035844802856,-0.25628262758255005,0.01006232388317585,0.01459759846329689,-1.001163125038147,0.0,0.0,0.0,1863.0,317.16131591796875,-105.28327941894531,-64.32597351074219,3.4498205184936523,-4.514440536499023,-0.7337614297866821,-2.2313625812530518,-0.628951907157898,-3.2512199878692627
2.1145,0.42014166712760925,-2.0091171264648438,-3.6971428394317627,0.7824306488037109,-1.3823597431182861,-2.968158006668091,174.79705810546875,-6.350545406341553,44.66847229003906,0.0,3.8058650493621826,0.04137077555060387,-1.5489035844802856,-0.25628262758255005,0.01006232388317585,0.01459759846329689,-1.001163125038147,0.0,0.0,0.0,1863.0,317.16131591796875,-105.28327941894531,-64.32597351074219,-0.7409542798995972,-0.47715646028518677,0.5726346373558044,-1.0793944597244263,-2.5040953159332275,1.1599658727645874
2.1245,0.427979052066803,-2.022869110107422,-3.72682785987854,0.7874079346656799,-1.373449683189392,-2.9657044410705566,174.79705810546875,-6.350545406341553,44.66847229003906,0.0,3.8058650493621826,0.04137077555060387,-1.5489035844802856,-0.25628262758255005,0.01006232388317585,0.01459759846329689,-1.001163125038147,0.0,0.0,0.0,1863.0,317.16131591796875,-105.28327941894531,-64.32597351074219,1.2487438917160034,4.629827976226807,1.5738074779510498,-0.9025833010673523,2.322517156600952,-1.006804347038269
2.1345,0.43586495518684387,-2.036534070968628,-3.75648832321167,0.7921295166015625,-1.3649698495864868,-2.9632456302642822,174.2646484375,-6.585384845733643,44.62384033203125,0.0,3.8058650493621826,0.9112737774848938,1.8456251621246338,-0.25501930713653564,0.01036817766726017,0.01799090765416622,-1.0041972398757935,0.0,0.0,0.0,1863.0,317.16131591796875,-105.28327941894531,-64.32597351074219,2.050452947616577,-1.9334996938705444,0.21919625997543335,1.1931699514389038,2.3550333976745605,-2.1362390518188477
2.1445,0.4438020586967468,-2.0501086711883545,-3.7861247062683105,0.7976464629173279,-1.3553669452667236,-2.960908889770508,174.2646484375,-6.585384845733643,44.62384033203125,0.0,3.8058650493621826,0.9112737774848938,1.8456251621246338,-0.25501930713653564,0.01036817766726017,0.01799090765416622,-1.0041972398757935,0.0,0.0,0.0,1863.0,317.16131591796875,-105.28327941894531,-64.32597351074219,-1.6159930229187012,-5.1691389083862305,-0.4982033967971802,-2.9610626697540283,-5.475934982299805,1.2128710746765137
2.1545,0.45179295539855957,-2.063586473464966,-3.81573748588562,0.8028822541236877,-1.3455954790115356,-2.9585726261138916,174.2646484375,-6.585384845733643,44.62384033203125,0.0,3.8058650493621826,0.9112737774848938,1.8456251621246338,-0.25501930713653564,0.01036817766726017,0.01799090765416622,-1.0041972398757935,0.0,761.0,0.0,1702.0,317.16131591796875,-105.28327941894531,-64.32597351074219,3.891606092453003,6.523242473602295,0.7319011688232422,0.15327613055706024,4.003504276275635,-0.05567271262407303
2.1645,0.4598332345485687,-2.0769708156585693,-3.8453269004821777,0.8075187802314758,-1.336680293083191,-2.9562323093414307,174.2646484375,-6.585384845733643,44.62384033203125,0.0,3.8058650493621826,0.9112737774848938,1.8456251621246338,-0.25501930713653564,0.01036817766726017,0.01799090765416622,-1.0041972398757935,0.0,761.0,0.0,1702.0,317.16131591796875,-105.28327941894531,-64.32597351074219,-1.084631085395813,-0.0434032678604126,-1.0549724102020264,-1.7288782596588135,2.1270623207092285,-0.4388086795806885
2.1746,0.4679203927516937,-2.090261697769165,-3.874894142150879,0.8122569918632507,-1.326899528503418,-2.9541425704956055,174.2646484375,-6.585384845733643,44.62384033203125,0.0,3.8058650493621826,0.9112737774848938,1.8456251621246338,-0.25501930713653564,0.01036817766726017,0.01799090765416622,-1.0041972398757935,0.0,761.0,0.0,1702.0,317.16131591796875,-105.28327941894531,-64.32597351074219,0.26339295506477356,-3.214456081390381,1.1070839166641235,-1.0669891834259033,-5.075959205627441,-0.2855382561683655
2.1846,0.47605639696121216,-2.1034529209136963,-3.904440402984619,0.817284882068634,-1.3167415857315063,-2.9520764350891113,173.7376708984375,-6.779687881469727,44.58130645751953,0.0,3.8058650493621826,0.19722223281860352,-0.4226040542125702,-0.24019025266170502,0.008340132422745228,0.016483347862958908,-1.0026763677597046,0.0,761.0,0.0,1702.0,317.16131591796875,-105.28327941894531,-64.32597351074219,1.693298101425171,1.6658471822738647,-0.22453054785728455,0.534805417060852,0.8206422924995422,-1.9637782573699951
2.1945,0.4842398166656494,-2.116543769836426,-3.9339661598205566,0.8217381834983826,-1.3068275451660156,-2.9500210285186768,173.7376708984375,-6.779687881469727,44.58130645751953,0.0,3.8058650493621826,0.19722223281860352,-0.4226040542125702,-0.24019025266170502,0.008340132422745228,0.016483347862958908,-1.0026763677597046,0.0,761.0,0.0,1702.0,317.16131591796875,-105.28327941894531,-64.32597351074219,-1.6686302423477173,1.2293227910995483,0.32113686203956604,-1.2809207439422607,2.6652605533599854,1.0018422603607178
2.2034,0.4924660921096802,-2.12953519821167,-3.9634718894958496,0.8258559107780457,-1.2968348264694214,-2.9480977058410645,173.7376708984375,-6.779687881469727,44.58130645751953,0.0,3.8058650493621826,0.19722223281860352,-0.4226040542125702,-0.24019025266170502,0.008340132422745228,0.016483347862958908,-1.0026763677597046,0.0,761.0,0.0,1537.0,317.16131591796875,-105.28327941894531,-64.32597351074219,1.0328290462493896,-0.124266117811203,-2.017317771911621,1.6216922998428345,-0.6129117012023926,1.3038133382797241
2.2145,0.5007348656654358,-2.142425060272217,-3.9929590225219727,0.8302296996116638,-1.2864956855773926,-2.946345090866089,173.7376708984375,-6.779687881469727,44.58130645751953,0.0,3.8058650493621826,0.19722223281860352,-0.4226040542125702,-0.24019025266170502,0.008340132422745228,0.016483347862958908,-1.0026763677597046,0.0,761.0,0.0,1537.0,317.16131591796875,-105.28327941894531,-64.32597351074219,-0.49288439750671387,-1.4708435535430908,1.2210447788238525,1.4310059547424316,-2.817450761795044,-0.7712207436561584
2.2246,0.509047269821167,-2.1552083492279053,-4.0224289894104,0.8345820903778076,-1.2755132913589478,-2.944636583328247,173.7376708984375,-6.779687881469727,44.58130645751953,0.0,3.8058650493621826,0.19722223281860352,-0.4226040542125702,-0.24019025266170502,0.008340132422745228,0.016483347862958908,-1.0026763677597046,0.0,761.0,0.0,1537.0,317.16131591796875,-105.28327941894531,-64.32597351074219,-0.20774561166763306,-2.0394227504730225,-2.2473948001861572,-1.9527451992034912,-0.20350049436092377,0.8496412038803101
2.2345,0.5174021124839783,-2.1678836345672607,-4.051880836486816,0.8387199640274048,-1.2649098634719849,-2.9427907466888428,173.20904541015625,-6.996901988983154,44.5357666015625,0.0,3.8058650493621826,-0.04114751145243645,0.5604212284088135,0.21603263914585114,0.002279795240610838,0.018179066479206085,-1.0013586282730103,0.0,761.0,0.0,1537.0,317.16131591796875,-105.28327941894531,-64.32597351074219,0.9510406255722046,4.048006534576416,-0.5188013315200806,-0.34683194756507874,2.5508294105529785,2.4713075160980225
2.2437,0.5257978439331055,-2.180453300476074,-4.081314563751221,0.8427584171295166,-1.2543978691101074,-2.940990447998047,173.20904541015625,-6.996901988983154,44.5357666015625,0.0,3.8058650493621826,-0.04114751145243645,0.5604212284088135,0.21603263914585114,0.002279795240610838,0.018179066479206085,-1.0013586282730103,0.0,761.0,0.0,1537.0,317.16131591796875,-105.28327941894531,-64.32597351074219,-0.5887412428855896,-0.9737852811813354,-0.3014340400695801,-0.41111573576927185,-0.07976590842008591,0.3040207028388977
2.2546,0.5342351794242859,-2.1929142475128174,-4.1107306480407715,0.8470306396484375,-1.2431318759918213,-2.9392545223236084,173.20904541015625,-6.996901988983154,44.5357666015625,0.0,3.8058650493621826,-0.04114751145243645,0.5604212284088135,0.21603263914585114,0.002279795240610838,0.018179066479206085,-1.0013586282730103,0.0,761.0,0.0,1429.0,317.16131591796875,-105.28327941894531,-64.32597351074219,0.22506557404994965,-0.8067194223403931,-0.13470761477947235,0.9392666816711426,-3.8442859649658203,2.1757380962371826
2.2646,0.5427143573760986,-2.205261468887329,-4.140129566192627,0.8511260151863098,-1.2316620349884033,-2.9376070499420166,173.20904541015625,-6.996901988983154,44.5357666015625,0.0,3.8058650493621826,-0.04114751145243645,0.5604212284088135,0.21603263914585114,0.002279795240610838,0.018179066479206085,-1.0013586282730103,0.0,761.0,0.0,1429.0,317.16131591796875,-105.28327941894531,-64.32597351074219,-0.7115523219108582,3.4480297565460205,-0.43915867805480957,-0.11953315138816833,0.11822953075170517,0.9069074392318726
2.2746,0.5512328743934631,-2.2174949645996094,-4.1695122718811035,0.8549026846885681,-1.220403790473938,-2.936002492904663,173.20904541015625,-6.996901988983154,44.5357666015625,0.0,3.8058650493621826,-0.04114751145243645,0.5604212284088135,0.21603263914585114,0.002279795240610838,0.018179066479206085,-1.0013586282730103,0.0,761.0,0.0,1429.0,317.16131591796875,-105.28327941894531,-64.32597351074219,-0.4953078031539917,0.8183605074882507,-0.17832550406455994,1.3667737245559692,0.4417891204357147,-1.0979505777359009
2.2847,0.5597895383834839,-2.229613780975342,-4.198878288269043,0.8587467074394226,-1.2087069749832153,-2.93437123298645,172.67413330078125,-7.211494445800781,44.48652267456055,0.0,3.8058650493621826,-0.29879438877105713,-0.18172894418239594,0.1856517642736435,0.010578666813671589,0.013736867345869541,-1.0026381015777588,0.0,761.0,0.0,1429.0,317.16131591796875,-105.28327941894531,-64.32597351074219,0.60808265209198,0.6778813004493713,1.206432819366455,-0.8473618030548096,-2.762732744216919,1.0353176593780518
2.2945,0.56838458776474,-2.2416136264801025,-4.228228569030762,0.8625779747962952,-1.1966156959533691,-2.932839870452881,172.67413330078125,-7.211494445800781,44.48652267456055,0.0,3.8058650493621826,-0.29879438877105713,-0.18172894418239594,0.1856517642736435,0.010578666813671589,0.013736867345869541,-1.0026381015777588,0.0,761.0,0.0,1429.0,317.16131591796875,-105.28327941894531,-64.32597351074219,0.06021687015891075,-0.45908647775650024,-1.2806613445281982,0.23120710253715515,1.9014822244644165,1.2119355201721191
2.3035,0.5770178437232971,-2.253492832183838,-4.25756311416626,0.8663834929466248,-1.1845821142196655,-2.9312567710876465,172.67413330078125,-7.211494445800781,44.48652267456055,0.0,3.8058650493621826,-0.29879438877105713,-0.18172894418239594,0.1856517642736435,0.010578666813671589,0.013736867345869541,-1.0026381015777588,0.0,620.0,0.0,1300.0,317.16131591796875,-105.28327941894531,-64.32597351074219,-1.7561613321304321,-0.4544352889060974,0.7204746603965759,0.9840037226676941,1.5385229587554932,-0.5525217652320862
2.3154,0.5856888294219971,-2.2652502059936523,-4.286881923675537,0.8701282739639282,-1.1722108125686646,-2.9296536445617676,172.67413330078125,-7.211494445800781,44.48652267456055,0.0,3.8058650493621826,-0.29879438877105713,-0.18172894418239594,0.1856517642736435,0.010578666813671589,0.013736867345869541,-1.0026381015777588,0.0,620.0,0.0,1300.0,317.16131591796875,-105.28327941894531,-64.32597351074219,0.6891083717346191,-0.22291556000709534,-0.1681746244430542,-0.43460559844970703,-2.6402602195739746,-1.171871304512024
2.3245,0.5943965911865234,-2.276883125305176,-4.316184997558594,0.8737289309501648,-1.1596856117248535,-2.9281258583068848,172.67413330078125,-7.211494445800781,44.48652267456055,0.0,3.8058650493621826,-0.29879438877105713,-0.18172894418239594,0.1856517642736435,0.010578666813671589,0.013736867345869541,-1.0026381015777588,0.0,620.0,0.0,1300.0,317.16131591796875,-105.28327941894531,-64.32597351074219,2.058710813522339,3.471126079559326,0.4629262387752533,-0.6349994540214539,1.5065157413482666,1.1896954774856567
2.3347,0.6031385660171509,-2.2883903980255127,-4.345472812652588,0.8769773840904236,-1.1471174955368042,-2.926635980606079,172.14202880859375,-7.429100036621094,44.43818283081055,0.0,3.8058650493621826,0.00748712383210659,0.6612677574157715,-0.10504366457462311,0.006257551722228527,0.01503669936209917,-1.0030927658081055,0.0,620.0,0.0,1300.0,317.16131591796875,-105.28327941894531,-64.32597351074219,0.8034451007843018,2.0067501068115234,1.3969892263412476,-0.2992858588695526,-0.2144346833229065,0.024199483916163445
2.3444,0.6119139790534973,-2.299771547317505,-4.374746322631836,0.8804091215133667,-1.134421706199646,-2.9253089427948,172.14202880859375,-7.429100036621094,44.43818283081055,0.0,3.8058650493621826,0.00748712383210659,0.6612677574157715,-0.10504366457462311,0.006257551722228527,0.01503669936209917,-1.0030927658081055,0.0,620.0,0.0,1300.0,317.16131591796875,-105.28327941894531,-64.32597351074219,-0.9443259239196777,-3.2983388900756836,0.7110404372215271,0.062398143112659454,-0.4967115521430969,-1.5160300731658936
2.3545,0.6207244992256165,-2.3110241889953613,-4.4040069580078125,0.8839949369430542,-1.1214416027069092,-2.9240787029266357,172.14202880859375,-7.429100036621094,44.43818283081055,0.0,3.8058650493621826,0.00748712383210659,0.6612677574157715,-0.10504366457462311,0.006257551722228527,0.01503669936209917,-1.0030927658081055,0.0,620.0,0.0,1167.0,317.16131591796875,-105.28327941894531,-64.32597351074219,-2.2458391189575195,-1.961958408355713,-0.5810580253601074,0.02047302946448326,1.9941203594207764,1.586808204650879
2.3645,0.6295690536499023,-2.322145700454712,-4.433254718780518,0.887222409248352,-1.1082046031951904,-2.9227187633514404,172.14202880859375,-7.429100036621094,44.43818283081055,0.0,3.8058650493621826,0.00748712383210659,0.6612677574157715,-0.10504366457462311,0.006257551722228527,0.01503669936209917,-1.0030927658081055,0.0,620.0,0.0,1167.0,317.16131591796875,-105.28327941894531,-64.32597351074219,-0.22239111363887787,1.103693962097168,0.5514256358146667,0.04257471114397049,1.832331895828247,-1.4289071559906006
2.3744,0.6384453177452087,-2.333134651184082,-4.462490081787109,0.8903267979621887,-1.0948882102966309,-2.9216415882110596,172.14202880859375,-7.429100036621094,44.43818283081055,0.0,3.8058650493621826,0.00748712383210659,0.6612677574157715,-0.10504366457462311,0.006257551722228527,0.01503669936209917,-1.0030927658081055,0.0,620.0,0.0,1167.0,317.16131591796875,-105.28327941894531,-64.32597351074219,-1.133040189743042,-0.2259489893913269,0.46081092953681946,1.5744487047195435,-1.010364055633545,-0.7838383913040161
2.3845,0.6473527550697327,-2.343989133834839,-4.491714000701904,0.8934561610221863,-1.081303596496582,-2.9205195903778076,171.61160278320312,-7.635293006896973,44.38670349121094,0.0,3.8058650493621826,0.10271456837654114,-0.28700047731399536,0.11045602709054947,0.007780437823385,0.015767468139529228,-1.003824234008789,0.0,620.0,0.0,1167.0,317.16131591796875,-105.28327941894531,-64.32597351074219,0.3341326117515564,-0.33174145221710205,0.821933925151825,-0.2556571066379547,-0.23977741599082947,-0.14961756765842438
2.3945,0.6562910079956055,-2.354707956314087,-4.520926475524902,0.8964962363243103,-1.067766547203064,-2.919358491897583,171.61160278320312,-7.635293006896973,44.38670349121094,0.0,3.8058650493621826,0.10271456837654114,-0.28700047731399536,0.11045602709054947,0.007780437823385,0.015767468139529228,-1.003824234008789,0.0,620.0,0.0,1167.0,317.16131591796875,-105.28327941894531,-64.32597351074219,0.31304746866226196,0.2903478145599365,-1.4265897274017334,-0.8292680382728577,-0.3330863118171692,-0.712400496006012
2.4046,0.6652594208717346,-2.365290641784668,-4.5501275062561035,0.8994807004928589,-1.0540995597839355,-2.918208360671997,171.61160278320312,-7.635293006896973,44.38670349121094,0.0,3.8058650493621826,0.10271456837654114,-0.28700047731399536,0.11045602709054947,0.007780437823385,0.015767468139529228,-1.003824234008789,0.0,620.0,0.0,1015.0,317.16131591796875,-105.28327941894531,-64.32597351074219,-1.1158041954040527,0.9138153195381165,0.7573562860488892,1.8254238367080688,-0.034925058484077454,-0.2921546995639801
2.4135,0.6742573380470276,-2.375735282897949,-4.579317092895508,0.9023968577384949,-1.040120005607605,-2.917127847671509,171.61160278320312,-7.635293006896973,44.38670349121094,0.0,3.8058650493621826,0.10271456837654114,-0.28700047731399536,0.11045602709054947,0.007780437823385,0.015767468139529228,-1.003824234008789,0.0,620.0,0.0,1015.0,317.16131591796875,-105.28327941894531,-64.32597351074219,-0.4096117913722992,1.6789002418518066,1.7518187761306763,-2.1959280967712402,-3.9247844219207764,-1.6522003412246704
2.4235,0.6832842826843262,-2.3860385417938232,-4.608497619628906,0.9052863717079163,-1.0258554220199585,-2.9164113998413086,171.61160278320312,-7.635293006896973,44.38670349121094,0.0,3.8058650493621826,0.10271456837654114,-0.28700047731399536,0.11045602709054947,0.007780437823385,0.015767468139529228,-1.003824234008789,0.0,620.0,0.0,1015.0,317.16131591796875,-105.28327941894531,-64.32597351074219,-0.8115789890289307,-0.8805736899375916,-0.923231840133667,0.2584054470062256,-1.708463191986084,-0.5121570825576782
2.4345,0.6923390626907349,-2.3961985111236572,-4.63767147064209,0.9079594612121582,-1.0114272832870483,-2.9157776832580566,171.0845947265625,-7.8503217697143555,44.32931900024414,0.0,3.8058650493621826,0.1244441345334053,0.035925377160310745,0.22424550354480743,0.005517400335520506,0.014522737823426723,-1.0020085573196411,0.0,620.0,0.0,1015.0,317.16131591796875,-105.28327941894531,-64.32597351074219,-0.4116084575653076,1.948194146156311,-0.6099578142166138,1.3795098066329956,0.9854533076286316,1.1146974563598633
2.4445,0.7014195919036865,-2.4062142372131348,-4.666839122772217,0.9104316830635071,-0.9970380663871765,-2.915187358856201,171.0845947265625,-7.8503217697143555,44.32931900024414,0.0,3.8058650493621826,0.1244441345334053,0.035925377160310745,0.22424550354480743,0.005517400335520506,0.014522737823426723,-1.0020085573196411,0.0,620.0,0.0,1015.0,317.16131591796875,-105.28327941894531,-64.32597351074219,-0.5874450206756592,-3.073875665664673,1.0540746450424194,0.03238743916153908,1.6416095495224,-0.2118779718875885
2.4546,0.7105256915092468,-2.4160850048065186,-4.696001052856445,0.9130740165710449,-0.9824250936508179,-2.9146978855133057,171.0845947265625,-7.8503217697143555,44.32931900024414,0.0,3.8058650493621826,0.1244441345334053,0.035925377160310745,0.22424550354480743,0.005517400335520506,0.014522737823426723,-1.0020085573196411,0.0,620.0,0.0,933.0,317.16131591796875,-105.28327941894531,-64.32597351074219,-0.8639237284660339,0.4972657263278961,-1.3960059881210327,1.4634202718734741,1.6612367630004883,0.401288241147995
2.4645,0.7205723524093628,-2.4267704486846924,-4.728074550628662,0.9158778190612793,-0.9656625390052795,-2.914353132247925,171.0845947265625,-7.8503217697143555,44.32931900024414,0.0,3.8058650493621826,0.1244441345334053,0.035925377160310745,0.22424550354480743,0.005517400335520506,0.014522737823426723,-1.0020085573196411,0.0,620.0,0.0,933.0,317.16131591796875,-105.28327941894531,-64.32597351074219,-1.0031979084014893,0.6041586995124817,-0.21487636864185333,0.19372625648975372,-0.46521830558776855,0.1888754665851593
2.4745,0.7297314405441284,-2.4363255500793457,-4.757227897644043,0.9182256460189819,-0.9506696462631226,-2.913891077041626,171.0845947265625,-7.8503217697143555,44.32931900024414,0.0,3.8058650493621826,0.1244441345334053,0.035925377160310745,0.22424550354480743,0.005517400335520506,0.014522737823426723,-1.0020085573196411,0.0,620.0,0.0,933.0,317.16131591796875,-105.28327941894531,-64.32597351074219,-0.01105775311589241,-0.3702247142791748,1.1615499258041382,0.08288063108921051,-0.9588262438774109,0.4034798741340637
2.4845,0.7389131188392639,-2.4457290172576904,-4.786376953125,0.9203898310661316,-0.9353179931640625,-2.9135119915008545,170.5508270263672,-8.062678337097168,44.275474548339844,0.0,3.8058650493621826,0.11892484873533249,0.17693790793418884,0.1305263638496399,0.007458514533936977,0.013513587415218353,-1.0030815601348877,0.0,620.0,0.0,933.0,317.16131591796875,-105.28327941894531,-64.32597351074219,0.5987975597381592,0.394985556602478,0.9169420003890991,0.36652958393096924,1.8920340538024902,-1.1244295835494995
2.4945,0.7481164336204529,-2.4549779891967773,-4.815521240234375,0.9225500226020813,-0.9197606444358826,-2.9129786491394043,170.5508270263672,-8.062678337097168,44.275474548339844,0.0,3.8058650493621826,0.11892484873533249,0.17693790793418884,0.1305263638496399,0.007458514533936977,0.013513587415218353,-1.0030815601348877,0.0,620.0,0.0,933.0,317.16131591796875,-105.28327941894531,-64.32597351074219,0.5821145176887512,-0.23524610698223114,0.4386037290096283,-0.1362924426794052,-0.2991274893283844,0.07387081533670425
2.5045,0.7573414444923401,-2.464071035385132,-4.844660758972168,0.9247254133224487,-0.9041513800621033,-2.91253924369812,170.5508270263672,-8.062678337097168,44.275474548339844,0.0,3.8058650493621826,0.11892484873533249,0.17693790793418884,0.1305263638496399,0.007458514533936977,0.013513587415218353,-1.0030815601348877,0.0,877.0,0.0,843.0,317.16131591796875,-105.28327941894531,-64.32597351074219,0.088422030210495,-1.4655009508132935,0.5496955513954163,-0.13076606392860413,-0.07220496982336044,-0.5004638433456421
2.5147,0.7665873169898987,-2.4730069637298584,-4.873795986175537,0.9267234206199646,-0.8883075714111328,-2.912214756011963,170.5508270263672,-8.062678337097168,44.275474548339844,0.0,3.8058650493621826,0.11892484873533249,0.17693790793418884,0.1305263638496399,0.007458514533936977,0.013513587415218353,-1.0030815601348877,0.0,877.0,0.0,843.0,317.16131591796875,-105.28327941894531,-64.32597351074219,-0.6735508441925049,-0.3400873839855194,-0.7511723637580872,0.8292466402053833,3.0843985080718994,0.8022553324699402
2.5235,0.7758526802062988,-2.481783390045166,-4.902927398681641,0.9286224842071533,-0.8722822666168213,-2.9118003845214844,170.5508270263672,-8.062678337097168,44.275474548339844,0.0,3.8058650493621826,0.11892484873533249,0.17693790793418884,0.1305263638496399,0.007458514533936977,0.013513587415218353,-1.0030815601348877,0.0,877.0,0.0,843.0,317.16131591796875,-105.28327941894531,-64.32597351074219,-0.3792645037174225,1.3545522689819336,-0.5106522440910339,0.05545917898416519,0.39808449149131775,0.9545186758041382
2.5345,0.7851374745368958,-2.4903995990753174,-4.932055473327637,0.9306034445762634,-0.8562633395195007,-2.911572217941284,170.0201416015625,-8.280633926391602,44.2148323059082,0.0,3.8058650493621826,0.0200760830193758,0.12628868222236633,0.10954683274030685,0.006463567726314068,0.016644353047013283,-1.0017478466033936,0.0,877.0,0.0,843.0,317.16131591796875,-105.28327941894531,-64.32597351074219,-1.3095499277114868,1.2879643440246582,-2.016463279724121,0.6040078401565552,-0.28594696521759033,1.233223795890808
2.5446,0.7944422960281372,-2.498854637145996,-4.961182117462158,0.932629406452179,-0.8400530815124512,-2.9115357398986816,170.0201416015625,-8.280633926391602,44.2148323059082,0.0,3.8058650493621826,0.0200760830193758,0.12628868222236633,0.10954683274030685,0.006463567726314068,0.016644353047013283,-1.0017478466033936,0.0,877.0,0.0,843.0,317.16131591796875,-105.28327941894531,-64.32597351074219,1.9807908535003662,0.20090273022651672,1.3638999462127686,0.2256920486688614,0.07954216003417969,0.1770894080400467
2.5546,0.8037665486335754,-2.507146120071411,-4.990309238433838,0.9344854950904846,-0.82353276014328,-2.9116411209106445,170.0201416015625,-8.280633926391602,44.2148323059082,0.0,3.8058650493621826,0.0200760830193758,0.12628868222236633,0.10954683274030685,0.006463567726314068,0.016644353047013283,-1.0017478466033936,0.0,1199.0,0.0,739.0,317.16131591796875,-105.28327941894531,-64.32597351074219,-0.4214586019515991,-1.4160165786743164,1.3427132368087769,-1.5183336734771729,1.5164597034454346,-0.8269813060760498
2.5636,0.8131088614463806,-2.515270233154297,-5.01943826675415,0.9362451434135437,-0.8065910935401917,-2.9119603633880615,170.0201416015625,-8.280633926391602,44.2148323059082,0.0,3.8058650493621826,0.0200760830193758,0.12628868222236633,0.10954683274030685,0.006463567726314068,0.016644353047013283,-1.0017478466033936,0.0,1199.0,0.0,739.0,317.16131591796875,-105.28327941894531,-64.32597351074219,-1.0606242418289185,1.4013736248016357,0.5099484324455261,1.3856912851333618,-1.3567293882369995,-0.618164598941803
2.5746,0.8224684596061707,-2.523224353790283,-5.048569679260254,0.9379463195800781,-0.7895269393920898,-2.9121997356414795,170.0201416015625,-8.280633926391602,44.2148323059082,0.0,3.8058650493621826,0.0200760830193758,0.12628868222236633,0.10954683274030685,0.006463567726314068,0.016644353047013283,-1.0017478466033936,0.0,1199.0,0.0,739.0,317.16131591796875,-105.28327941894531,-64.32597351074219,0.9429702162742615,0.3933415412902832,-0.2577030062675476,0.39840930700302124,-1.3170076608657837,0.21581856906414032
2.5845,0.8318450450897217,-2.5310072898864746,-5.077703952789307,0.9396345615386963,-0.7723258137702942,-2.912545680999756,169.489013671875,-8.48705005645752,44.15248107910156,0.0,3.8058650493621826,-0.0803254097700119,-0.05725332722067833,-0.19967816770076752,0.007890439592301846,0.014774772338569164,-1.0025995969772339,0.0,1199.0,0.0,739.0,317.16131591796875,-105.28327941894531,-64.32597351074219,-1.1644325256347656,0.9625818729400635,-1.2992775440216064,0.37450316548347473,-0.41636624932289124,-0.2177739441394806
2.5935,0.8412370085716248,-2.538618326187134,-5.106841087341309,0.9410254955291748,-0.7551881074905396,-2.9127559661865234,169.489013671875,-8.48705005645752,44.15248107910156,0.0,3.8058650493621826,-0.0803254097700119,-0.05725332722067833,-0.19967816770076752,0.007890439592301846,0.014774772338569164,-1.0025995969772339,0.0,1199.0,0.0,739.0,317.16131591796875,-105.28327941894531,-64.32597351074219,0.2518313229084015,-0.2341393232345581,-0.33711180090904236,-0.9825227856636047,-0.7795197367668152,-0.25238093733787537
2.6044,0.8506426215171814,-2.54605770111084,-5.135980606079102,0.9423584938049316,-0.7379956841468811,-2.9130849838256836,169.489013671875,-8.48705005645752,44.15248107910156,0.0,3.8058650493621826,-0.0803254097700119,-0.05725332722067833,-0.19967816770076752,0.007890439592301846,0.014774772338569164,-1.0025995969772339,0.0,1199.0,0.0,619.0,317.16131591796875,-105.28327941894531,-64.32597351074219,1.9873692989349365,0.5676810145378113,-0.159100741147995,-1.4384636878967285,-0.8412955403327942,0.4094401001930237
2.6145,0.8600623607635498,-2.5533244609832764,-5.16512393951416,0.9438522458076477,-0.7206239700317383,-2.91357159614563,169.489013671875,-8.48705005645752,44.15248107910156,0.0,3.8058650493621826,-0.0803254097700119,-0.05725332722067833,-0.19967816770076752,0.007890439592301846,0.014774772338569164,-1.0025995969772339,0.0,1199.0,0.0,619.0,317.16131591796875,-105.28327941894531,-64.32597351074219,0.7375175356864929,-1.2262970209121704,-0.44176363945007324,-0.05434878170490265,0.8542630076408386,1.2972713708877563
2.6235,0.8694969415664673,-2.560415744781494,-5.194272041320801,0.9453285336494446,-0.702919602394104,-2.914083242416382,169.489013671875,-8.48705005645752,44.15248107910156,0.0,3.8058650493621826,-0.0803254097700119,-0.05725332722067833,-0.19967816770076752,0.007890439592301846,0.014774772338569164,-1.0025995969772339,0.0,1199.0,0.0,619.0,317.16131591796875,-105.28327941894531,-64.32597351074219,-1.1032042503356934,-0.06932321935892105,-0.7349624633789062,0.2710651457309723,-1.3729990720748901,0.43969762325286865
2.6345,0.8789454698562622,-2.567328453063965,-5.223425388336182,0.9466318488121033,-0.6848946809768677,-2.9146132469177246,168.96006774902344,-8.695820808410645,44.09297561645508,0.0,3.8058650493621826,0.32829007506370544,-0.4606664478778839,-0.2986350953578949,0.009327187202870846,0.013720526359975338,-1.0015244483947754,0.0,1199.0,0.0,619.0,317.16131591796875,-105.28327941894531,-64.32597351074219,2.603163719177246,1.2145038843154907,-0.6848824620246887,-0.7943819165229797,-2.3527121543884277,-0.54068523645401
2.6445,0.8884062170982361,-2.5740602016448975,-5.2525858879089355,0.9477761387825012,-0.6667296290397644,-2.9155125617980957,168.96006774902344,-8.695820808410645,44.09297561645508,0.0,3.8058650493621826,0.32829007506370544,-0.4606664478778839,-0.2986350953578949,0.009327187202870846,0.013720526359975338,-1.0015244483947754,0.0,1199.0,0.0,619.0,317.16131591796875,-105.28327941894531,-64.32597351074219,0.25329530239105225,0.65915846824646,-0.5242732167243958,-1.0032751560211182,0.8046231269836426,1.972513198852539
2.6545,0.8978778719902039,-2.580610752105713,-5.281754493713379,0.9488155841827393,-0.6486876606941223,-2.9163079261779785,168.96006774902344,-8.695820808410645,44.09297561645508,0.0,3.8058650493621826,0.32829007506370544,-0.4606664478778839,-0.2986350953578949,0.009327187202870846,0.013720526359975338,-1.0015244483947754,0.0,619.0,0.0,821.0,317.16131591796875,-105.28327941894531,-64.32597351074219,-0.060270532965660095,-0.07793988287448883,1.6716138124465942,0.5673495531082153,0.22507551312446594,-2.490973472595215
2.6635,0.90735924243927,-2.586979866027832,-5.310930252075195,0.9497167468070984,-0.6304418444633484,-2.916985273361206,168.96006774902344,-8.695820808410645,44.09297561645508,0.0,3.8058650493621826,0.32829007506370544,-0.4606664478778839,-0.2986350953578949,0.009327187202870846,0.013720526359975338,-1.0015244483947754,0.0,619.0,0.0,821.0,317.16131591796875,-105.28327941894531,-64.32597351074219,-0.040797263383865356,-0.23129719495773315,0.9974863529205322,-1.2095873355865479,-2.5341620445251465,-1.7569653987884521
2.6745,0.91684889793396,-2.5931649208068848,-5.340113162994385,0.9504725933074951,-0.6118524074554443,-2.917750358581543,168.96006774902344,-8.695820808410645,44.09297561645508,0.0,3.8058650493621826,0.32829007506370544,-0.4606664478778839,-0.2986350953578949,0.009327187202870846,0.013720526359975338,-1.0015244483947754,0.0,619.0,0.0,821.0,317.16131591796875,-105.28327941894531,-64.32597351074219,0.1530095487833023,-2.320223331451416,-0.5850829482078552,0.8189798593521118,1.4543085098266602,0.24201370775699615
2.6846,0.9263460636138916,-2.59916353225708,-5.3693037033081055,0.9512161016464233,-0.5931402444839478,-2.918562173843384,168.42904663085938,-8.902151107788086,44.03413772583008,0.0,3.8058650493621826,0.02550414763391018,0.13596296310424805,-0.06079038232564926,0.005798380821943283,0.015752920880913734,-1.0030843019485474,0.0,619.0,0.0,821.0,317.16131591796875,-105.28327941894531,-64.32597351074219,-0.05280818045139313,1.600077748298645,0.2878049314022064,-0.42599809169769287,-0.14883814752101898,-1.1534215211868286
2.6945,0.9358501434326172,-2.6049742698669434,-5.398502826690674,0.9518569111824036,-0.5743036270141602,-2.9194960594177246,168.42904663085938,-8.902151107788086,44.03413772583008,0.0,3.8058650493621826,0.02550414763391018,0.13596296310424805,-0.06079038232564926,0.005798380821943283,0.015752920880913734,-1.0030843019485474,0.0,619.0,0.0,821.0,317.16131591796875,-105.28327941894531,-64.32597351074219,-0.43319791555404663,0.6554107069969177,-0.5923028588294983,0.32663947343826294,-0.7100706696510315,2.439232587814331
2.7047,0.945361316204071,-2.6105949878692627,-5.4277119636535645,0.9526368379592896,-0.5551576614379883,-2.9206109046936035,168.42904663085938,-8.902151107788086,44.03413772583008,0.0,3.8058650493621826,0.02550414763391018,0.13596296310424805,-0.06079038232564926,0.005798380821943283,0.015752920880913734,-1.0030843019485474,0.0,512.0,0.0,821.0,317.16131591796875,-105.28327941894531,-64.32597351074219,0.4412630498409271,-0.8808783888816833,-0.06628566980361938,-0.08758389949798584,-1.6682093143463135,-2.2338058948516846
2.7151,0.9548801183700562,-2.6160240173339844,-5.456932544708252,0.9533767104148865,-0.5359407663345337,-2.9217748641967773,168.42904663085938,-8.902151107788086,44.03413772583008,0.0,3.8058650493621826,0.02550414763391018,0.13596296310424805,-0.06079038232564926,0.005798380821943283,0.015752920880913734,-1.0030843019485474,0.0,512.0,0.0,821.0,317.16131591796875,-105.28327941894531,-64.32597351074219,-1.0085352659225464,-1.7515485286712646,-1.2272920608520508,1.1897183656692505,1.8954567909240723,1.508327603340149
2.7245,0.9644063711166382,-2.621260166168213,-5.486164569854736,0.9541300535202026,-0.5166034698486328,-2.9230000972747803,168.42904663085938,-8.902151107788086,44.03413772583008,0.0,3.8058650493621826,0.02550414763391018,0.13596296310424805,-0.06079038232564926,0.005798380821943283,0.015752920880913734,-1.0030843019485474,0.0,512.0,0.0,821.0,317.16131591796875,-105.28327941894531,-64.32597351074219,0.11084522306919098,1.539414405822754,0.744287371635437,-0.1907772272825241,3.7942745685577393,0.6750137209892273
2.7345,0.9739399552345276,-2.6263022422790527,-5.515409469604492,0.9548347592353821,-0.497123122215271,-2.9243175983428955,167.8938751220703,-9.11391830444336,43.97153854370117,0.0,3.8058650493621826,-0.015497580170631409,0.138835147023201,0.16869540512561798,0.009306846186518669,0.017216775566339493,-1.0027531385421753,0.0,512.0,0.0,821.0,317.16131591796875,-105.28327941894531,-64.32597351074219,-1.7101519107818604,0.8730106353759766,0.9840999841690063,0.5014806389808655,0.16220654547214508,-0.4613758623600006
2.7434,0.9834800362586975,-2.631148338317871,-5.544667720794678,0.9554287791252136,-0.477397620677948,-2.9257116317749023,167.8938751220703,-9.11391830444336,43.97153854370117,0.0,3.8058650493621826,-0.015497580170631409,0.138835147023201,0.16869540512561798,0.009306846186518669,0.017216775566339493,-1.0027531385421753,0.0,512.0,0.0,821.0,317.16131591796875,-105.28327941894531,-64.32597351074219,-0.7071719169616699,-0.41464561223983765,2.130951404571533,1.109872817993164,-2.4827513694763184,-2.0447044372558594
2.7545,0.9930259585380554,-2.635796546936035,-5.573940277099609,0.9560097455978394,-0.45752793550491333,-2.927281618118286,167.8938751220703,-9.11391830444336,43.97153854370117,0.0,3.8058650493621826,-0.015497580170631409,0.138835147023201,0.16869540512561798,0.009306846186518669,0.017216775566339493,-1.0027531385421753,0.0,512.0,0.0,821.0,317.16131591796875,-105.28327941894531,-64.32597351074219,0.37183070182800293,-1.6686828136444092,-0.06672140955924988,2.584709882736206,1.2878444194793701,-0.8774741888046265
2.7634,1.0025768280029297,-2.640244722366333,-5.60322904586792,0.9564244151115417,-0.4374019205570221,-2.9289722442626953,167.8938751220703,-9.11391830444336,43.97153854370117,0.0,3.8058650493621826,-0.015497580170631409,0.138835147023201,0.16869540512561798,0.009306846186518669,0.017216775566339493,-1.0027531385421753,0.0,512.0,0.0,821.0,317.16131591796875,-105.28327941894531,-64.32597351074219,-0.6029101014137268,-0.4519522488117218,0.1803661435842514,0.060717105865478516,-0.1120818704366684,1.1040825843811035
2.7735,1.0121307373046875,-2.644491195678711,-5.632534980773926,0.9566088914871216,-0.4171850383281708,-2.9307146072387695,167.8938751220703,-9.11391830444336,43.97153854370117,0.0,3.8058650493621826,-0.015497580170631409,0.138835147023201,0.16869540512561798,0.009306846186518669,0.017216775566339493,-1.0027531385421753,0.0,512.0,0.0,821.0,317.16131591796875,-105.28327941894531,-64.32597351074219,1.519039511680603,1.764742136001587,1.1638833284378052,-0.9982433915138245,0.34531763195991516,-0.4666720926761627
2.7845,1.0216861963272095,-2.6485342979431152,-5.661858081817627,0.956734836101532,-0.3967319130897522,-2.932495355606079,167.35728454589844,-9.323829650878906,43.9040412902832,0.0,3.8058650493621826,0.4094124734401703,-0.20967985689640045,0.15930801630020142,0.008705067448318005,0.016263963654637337,-1.0030555725097656,0.0,512.0,0.0,821.0,317.16131591796875,-105.28327941894531,-64.32597351074219,-0.5186436176300049,-0.9703484773635864,0.49143052101135254,1.112038254737854,-0.316207617521286,0.5326431393623352
2.7945,1.0312435626983643,-2.652371883392334,-5.691198825836182,0.9569844007492065,-0.37609612941741943,-2.9342546463012695,167.35728454589844,-9.323829650878906,43.9040412902832,0.0,3.8058650493621826,0.4094124734401703,-0.20967985689640045,0.15930801630020142,0.008705067448318005,0.016263963654637337,-1.0030555725097656,0.0,512.0,0.0,821.0,317.16131591796875,-105.28327941894531,-64.32597351074219,0.7878279089927673,1.5653890371322632,0.48950183391571045,-1.4730280637741089,0.5357158184051514,-1.2428584098815918
2.8034,1.040802240371704,-2.6560018062591553,-5.72055721282959,0.957012414932251,-0.3552124500274658,-2.936086654663086,167.35728454589844,-9.323829650878906,43.9040412902832,0.0,3.8058650493621826,0.4094124734401703,-0.20967985689640045,0.15930801630020142,0.008705067448318005,0.016263963654637337,-1.0030555725097656,0.0,726.0,0.0,0.0,317.16131591796875,-105.28327941894531,-64.32597351074219,-1.0774768590927124,-2.394676446914673,-0.5706819295883179,-0.3445907235145569,-0.28046730160713196,0.8498687744140625
2.8135,1.0503605604171753,-2.6594226360321045,-5.749935150146484,0.9569026231765747,-0.33425527811050415,-2.9381983280181885,167.35728454589844,-9.323829650878906,43.9040412902832,0.0,3.8058650493621826,0.4094124734401703,-0.20967985689640045,0.15930801630020142,0.008705067448318005,0.016263963654637337,-1.0030555725097656,0.0,726.0,0.0,0.0,317.16131591796875,-105.28327941894531,-64.32597351074219,-1.4449923038482666,0.3461969792842865,-1.3708600997924805,0.45877739787101746,1.5797723531723022,1.6635955572128296
2.8235,1.0599175691604614,-2.662633180618286,-5.77933406829834,0.9567485451698303,-0.31316161155700684,-2.9402966499328613,167.35728454589844,-9.323829650878906,43.9040412902832,0.0,3.8058650493621826,0.4094124734401703,-0.20967985689640045,0.15930801630020142,0.008705067448318005,0.016263963654637337,-1.0030555725097656,0.0,726.0,0.0,0.0,317.16131591796875,-105.28327941894531,-64.32597351074219,-0.6495082974433899,-0.6085256338119507,0.050937287509441376,0.6753582954406738,-0.5293920040130615,-0.961753249168396
2.8336,1.069473385810852,-2.6656315326690674,-5.8087544441223145,0.9566660523414612,-0.2918108105659485,-2.942478895187378,166.83114624023438,-9.529004096984863,43.831729888916016,0.0,3.8058650493621826,-0.032849784940481186,0.12193714827299118,0.22092247009277344,0.008970744907855988,0.015587881207466125,-1.0016168355941772,0.0,726.0,0.0,0.0,317.16131591796875,-105.28327941894531,-64.32597351074219,-0.8522341251373291,-0.530872642993927,1.2571505308151245,0.2942699193954468,1.406772255897522,0.45623481273651123
2.8435,1.079027771949768,-2.6684157848358154,-5.838197708129883,0.9564610719680786,-0.2703641653060913,-2.9449541568756104,166.83114624023438,-9.529004096984863,43.831729888916016,0.0,3.8058650493621826,-0.032849784940481186,0.12193714827299118,0.22092247009277344,0.008970744907855988,0.015587881207466125,-1.0016168355941772,0.0,726.0,0.0,0.0,317.16131591796875,-105.28327941894531,-64.32597351074219,0.3380976617336273,-0.47154250741004944,1.083500623703003,1.194584608078003,1.5102007389068604,-0.36677825450897217
2.8535,1.088579773902893,-2.6709847450256348,-5.867666244506836,0.9561803936958313,-0.2487817257642746,-2.9475417137145996,166.83114624023438,-9.529004096984863,43.831729888916016,0.0,3.8058650493621826,-0.032849784940481186,0.12193714827299118,0.22092247009277344,0.008970744907855988,0.015587881207466125,-1.0016168355941772,0.0,2013.0,0.0,0.0,317.16131591796875,-105.28327941894531,-64.32597351074219,-1.4098230600357056,0.22204308211803436,1.3852803707122803,1.6972076892852783,-1.7961939573287964,-1.4631332159042358
2.8635,1.0981277227401733,-2.6733365058898926,-5.897160053253174,0.955659031867981,-0.22691339254379272,-2.9501211643218994,166.83114624023438,-9.529004096984863,43.831729888916016,0.0,3.8058650493621826,-0.032849784940481186,0.12193714827299118,0.22092247009277344,0.008970744907855988,0.015587881207466125,-1.0016168355941772,0.0,2013.0,0.0,0.0,317.16131591796875,-105.28327941894531,-64.32597351074219,-0.7195655107498169,0.4353764057159424,-0.056603964418172836,0.9255943894386292,2.392977714538574,-0.24217365682125092
2.8745,1.1076698303222656,-2.675468683242798,-5.9266791343688965,0.9550120234489441,-0.2048504501581192,-2.952596426010132,166.83114624023438,-9.529004096984863,43.831729888916016,0.0,3.8058650493621826,-0.032849784940481186,0.12193714827299118,0.22092247009277344,0.008970744907855988,0.015587881207466125,-1.0016168355941772,0.0,2013.0,0.0,0.0,317.16131591796875,-105.28327941894531,-64.32597351074219,-1.2961211204528809,-1.9196031093597412,-0.12481934577226639,1.5075403451919556,0.14463648200035095,2.008338689804077
2.8845,1.1172065734863281,-2.677379846572876,-5.956223487854004,0.9545854926109314,-0.1827261745929718,-2.9552345275878906,166.29962158203125,-9.72746467590332,43.75948715209961,0.0,3.8058650493621826,0.26725396513938904,0.07615481317043304,0.1175815686583519,0.008219139650464058,0.01697411760687828,-1.0023014545440674,0.0,2013.0,0.0,0.0,317.16131591796875,-105.28327941894531,-64.32597351074219,-2.46341609954834,-0.11523996293544769,-0.5873188972473145,1.6938385963439941,0.3473523259162903,-0.33773770928382874
2.8935,1.1267386674880981,-2.6790688037872314,-5.9857940673828125,0.9540775418281555,-0.16041772067546844,-2.9579057693481445,166.29962158203125,-9.72746467590332,43.75948715209961,0.0,3.8058650493621826,0.26725396513938904,0.07615481317043304,0.1175815686583519,0.008219139650464058,0.01697411760687828,-1.0023014545440674,0.0,2013.0,0.0,0.0,317.16131591796875,-105.28327941894531,-64.32597351074219,-0.5135195255279541,1.4716776609420776,-0.1290966272354126,-0.526573121547699,0.10681337863206863,1.4843538999557495
2.9045,1.136264443397522,-2.680532932281494,-6.015391826629639,0.9533284306526184,-0.13776153326034546,-2.960684299468994,166.29962158203125,-9.72746467590332,43.75948715209961,0.0,3.8058650493621826,0.26725396513938904,0.07615481317043304,0.1175815686583519,0.008219139650464058,0.01697411760687828,-1.0023014545440674,0.0,2013.0,0.0,0.0,317.16131591796875,-105.28327941894531,-64.32597351074219,1.2085586786270142,1.1899142265319824,3.0366780757904053,-0.7539921998977661,-1.5923774242401123,-1.7690110206604004
2.9135,1.1457823514938354,-2.6817703247070312,-6.045019149780273,0.9525015950202942,-0.11507612466812134,-2.9638495445251465,166.29962158203125,-9.72746467590332,43.75948715209961,0.0,3.8058650493621826,0.26725396513938904,0.07615481317043304,0.1175815686583519,0.008219139650464058,0.01697411760687828,-1.0023014545440674,0.0,2013.0,0.0,0.0,317.16131591796875,-105.28327941894531,-64.32597351074219,0.1452159583568573,2.0802743434906006,0.052769750356674194,-0.3997648358345032,-1.88984215259552,-0.006948946509510279
2.9235,1.1552926301956177,-2.6827800273895264,-6.07467794418335,0.9518094658851624,-0.0922473892569542,-2.9670422077178955,166.29962158203125,-9.72746467590332,43.75948715209961,0.0,3.8058650493621826,0.26725396513938904,0.07615481317043304,0.1175815686583519,0.008219139650464058,0.01697411760687828,-1.0023014545440674,0.0,2013.0,0.0,0.0,317.16131591796875,-105.28327941894531,-64.32597351074219,-1.1701236963272095,0.09480089694261551,-0.8767153024673462,0.15652993321418762,-0.7787667512893677,-1.5388193130493164
2.9345,1.1647943258285522,-2.683560609817505,-6.104368209838867,0.9507768154144287,-0.0692201480269432,-2.9701614379882812,165.7665557861328,-9.933392524719238,43.68365478515625,0.0,3.8058650493621826,-0.001558316289447248,0.025658106431365013,0.006367469672113657,0.007674334105104208,0.01383004616945982,-1.0013822317123413,0.0,2013.0,0.0,0.0,317.16131591796875,-105.28327941894531,-64.32597351074219,0.7808533906936646,0.48887550830841064,-1.765863299369812,0.20820273458957672,-0.50850909948349,2.4130940437316895
2.9435,1.174285650253296,-2.684110403060913,-6.134090900421143,0.949749767780304,-0.046115484088659286,-2.9735374450683594,165.7665557861328,-9.933392524719238,43.68365478515625,0.0,3.8058650493621826,-0.001558316289447248,0.025658106431365013,0.006367469672113657,0.007674334105104208,0.01383004616945982,-1.0013822317123413,0.0,2013.0,0.0,0.0,317.16131591796875,-105.28327941894531,-64.32597351074219,-0.820449709892273,-0.6215616464614868,-1.0664169788360596,-0.33236992359161377,-0.286161869764328,1.8340359926223755
2.9535,1.183767318725586,-2.6844282150268555,-6.16384744644165,0.9488396048545837,-0.022814370691776276,-2.976989269256592,165.7665557861328,-9.933392524719238,43.68365478515625,0.0,3.8058650493621826,-0.001558316289447248,0.025658106431365013,0.006367469672113657,0.007674334105104208,0.01383004616945982,-1.0013822317123413,0.0,2013.0,0.0,0.0,317.16131591796875,-105.28327941894531,-64.32597351074219,0.16164062917232513,3.0805459022521973,0.795796275138855,1.4710499048233032,-0.863837480545044,-0.4411323666572571
2.9637,1.193238615989685,-2.68451189994812,-6.193638324737549,0.9476751685142517,0.0006903145113028586,-2.9805006980895996,165.7665557861328,-9.933392524719238,43.68365478515625,0.0,3.8058650493621826,-0.001558316289447248,0.025658106431365013,0.006367469672113657,0.007674334105104208,0.01383004616945982,-1.0013822317123413,0.0,2013.0,0.0,0.0,317.16131591796875,-105.28327941894531,-64.32597351074219,0.7680708169937134,1.0185620784759521,0.3364969789981842,-0.6508243083953857,-2.356590509414673,-0.5158149600028992
2.9737,1.2026965618133545,-2.6843602657318115,-6.2234649658203125,0.9461749196052551,0.024263896048069,-2.98412823677063,165.7665557861328,-9.933392524719238,43.68365478515625,0.0,3.8058650493621826,-0.001558316289447248,0.025658106431365013,0.006367469672113657,0.007674334105104208,0.01383004616945982,-1.0013822317123413,0.0,2013.0,0.0,0.0,317.16131591796875,-105.28327941894531,-64.32597351074219,-0.2441938817501068,-1.777015209197998,-0.4848717749118805,-0.5296809673309326,0.47157561779022217,-0.7337160706520081
2.9845,1.2121397256851196,-2.683971881866455,-6.2533278465271,0.9447154998779297,0.048033345490694046,-2.987786054611206,165.2302703857422,-10.136676788330078,43.61176300048828,0.0,3.8058650493621826,0.00018421237473376095,-0.22508499026298523,0.09957622736692429,0.00773310661315918,0.014687121845781803,-1.0025873184204102,0.0,2013.0,0.0,0.0,317.16131591796875,-105.28327941894531,-64.32597351074219,-0.6790248155593872,-0.8751843571662903,0.32088732719421387,1.3172428607940674,0.8432229161262512,0.6291936635971069
2.9935,1.2215683460235596,-2.6833438873291016,-6.28322696685791,0.9432548880577087,0.07215835154056549,-2.9914798736572266,165.2302703857422,-10.136676788330078,43.61176300048828,0.0,3.8058650493621826,0.00018421237473376095,-0.22508499026298523,0.09957622736692429,0.00773310661315918,0.014687121845781803,-1.0025873184204102,0.0,2013.0,0.0,0.0,317.16131591796875,-105.28327941894531,-64.32597351074219,-0.7716203331947327,-1.6362392902374268,-1.0563976764678955,-0.6545683741569519,0.6000198721885681,-1.4648668766021729
3.0034,1.2309823036193848,-2.6824727058410645,-6.3131632804870605,0.941794216632843,0.09666029363870621,-2.9952805042266846,165.2302703857422,-10.136676788330078,43.61176300048828,0.0,3.8058650493621826,0.00018421237473376095,-0.22508499026298523,0.09957622736692429,0.00773310661315918,0.014687121845781803,-1.0025873184204102,0.0,5703.0,0.0,0.0,317.16131591796875,-105.28327941894531,-64.32597351074219,-0.2078980654478073,1.4893546104431152,-1.104116439819336,0.25284823775291443,-0.4768936038017273,1.4899017810821533
3.0146,1.2403823137283325,-2.681356906890869,-6.343138694763184,0.9404546618461609,0.1210932657122612,-2.9993348121643066,165.2302703857422,-10.136676788330078,43.61176300048828,0.0,3.8058650493621826,0.00018421237473376095,-0.22508499026298523,0.09957622736692429,0.00773310661315918,0.014687121845781803,-1.0025873184204102,0.0,5703.0,0.0,0.0,317.16131591796875,-105.28327941894531,-64.32597351074219,-0.3946150839328766,2.554426908493042,-0.9149668216705322,1.2214641571044922,-0.4552369713783264,1.0129587650299072
3.0235,1.2497684955596924,-2.6799960136413574,-6.373154640197754,0.9390436410903931,0.14566384255886078,-3.0034399032592773,165.2302703857422,-10.136676788330078,43.61176300048828,0.0,3.8058650493621826,0.00018421237473376095,-0.22508499026298523,0.09957622736692429,0.00773310661315918,0.014687121845781803,-1.0025873184204102,0.0,5703.0,0.0,0.0,317.16131591796875,-105.28327941894531,-64.32597351074219,-1.3903467655181885,-0.732314944267273,-0.697394609451294,-0.09076995402574539,-0.8057015538215637,0.07435585558414459
3.0334,1.2591400146484375,-2.6783883571624756,-6.40321159362793,0.9375076293945312,0.17046138644218445,-3.0075860023498535,164.69915771484375,-10.339303970336914,43.53573989868164,0.0,3.8058650493621826,-0.1256893426179886,-0.11289297789335251,-0.04413115978240967,0.009078796952962875,0.014112990349531174,-1.0029239654541016,0.0,5703.0,0.0,0.0,317.16131591796875,-105.28327941894531,-64.32597351074219,1.464340090751648,-0.7590105533599854,-0.31033846735954285,0.38583841919898987,-0.02730163186788559,-1.1718114614486694
3.0445,1.2684946060180664,-2.676532030105591,-6.433310508728027,0.9356786012649536,0.19537878036499023,-3.0118584632873535,164.69915771484375,-10.339303970336914,43.53573989868164,0.0,3.8058650493621826,-0.1256893426179886,-0.11289297789335251,-0.04413115978240967,0.009078796952962875,0.014112990349531174,-1.0029239654541016,0.0,5703.0,0.0,0.0,317.16131591796875,-105.28327941894531,-64.32597351074219,-0.8839059472084045,0.6702348589897156,-0.7565605044364929,0.09549780935049057,1.6927266120910645,0.9658224582672119
3.0537,1.2778301239013672,-2.6744260787963867,-6.463451862335205,0.9336845278739929,0.22039185464382172,-3.016153335571289,164.69915771484375,-10.339303970336914,43.53573989868164,0.0,3.8058650493621826,-0.1256893426179886,-0.11289297789335251,-0.04413115978240967,0.009078796952962875,0.014112990349531174,-1.0029239654541016,0.0,5703.0,0.0,0.0,317.16131591796875,-105.28327941894531,-64.32597351074219,0.4805621802806854,1.2920305728912354,-1.5762951374053955,-1.1800354719161987,-1.9429855346679688,0.08683464676141739
3.0635,1.2871465682983398,-2.6720685958862305,-6.493636608123779,0.9318638443946838,0.2456607222557068,-3.0205330848693848,164.69915771484375,-10.339303970336914,43.53573989868164,0.0,3.8058650493621826,-0.1256893426179886,-0.11289297789335251,-0.04413115978240967,0.009078796952962875,0.014112990349531174,-1.0029239654541016,0.0,5703.0,0.0,0.0,317.16131591796875,-105.28327941894531,-64.32597351074219,-0.8333242535591125,-0.9220242500305176,1.0277142524719238,0.568840503692627,-0.9879404306411743,0.18714040517807007
3.0736,1.2964438199996948,-2.66945743560791,-6.523865699768066,0.9298585057258606,0.27110758423805237,-3.025109052658081,164.69915771484375,-10.339303970336914,43.53573989868164,0.0,3.8058650493621826,-0.1256893426179886,-0.11289297789335251,-0.04413115978240967,0.009078796952962875,0.014112990349531174,-1.0029239654541016,0.0,5703.0,0.0,0.0,317.16131591796875,-105.28327941894531,-64.32597351074219,-1.3150960206985474,0.7623599171638489,0.6561812162399292,0.08246948570013046,0.5010029673576355,-0.6859366297721863
3.0836,1.3057211637496948,-2.6665921211242676,-6.554140567779541,0.9278813004493713,0.2965114414691925,-3.029680013656616,164.16156005859375,-10.543343544006348,43.456722259521484,0.0,3.8058650493621826,-0.04965074732899666,0.015763891860842705,-0.03977738320827484,0.007103448733687401,0.01570497639477253,-1.0041818618774414,0.0,5703.0,0.0,0.0,317.16131591796875,-105.28327941894531,-64.32597351074219,-1.2446656227111816,-1.1582075357437134,0.471256822347641,1.7055257558822632,0.7890862822532654,-0.3539584279060364
3.0936,1.3149778842926025,-2.663471221923828,-6.584461688995361,0.9257298707962036,0.3221793472766876,-3.0344772338867188,164.16156005859375,-10.543343544006348,43.456722259521484,0.0,3.8058650493621826,-0.04965074732899666,0.015763891860842705,-0.03977738320827484,0.007103448733687401,0.01570497639477253,-1.0041818618774414,0.0,5703.0,0.0,0.0,317.16131591796875,-105.28327941894531,-64.32597351074219,0.7443488240242004,-0.13911381363868713,1.5602048635482788,1.5107816457748413,-0.2809464633464813,0.3011331260204315
3.1036,1.3242132663726807,-2.660092353820801,-6.614831924438477,0.9236273765563965,0.3480910360813141,-3.039557456970215,164.16156005859375,-10.543343544006348,43.456722259521484,0.0,3.8058650493621826,-0.04965074732899666,0.015763891860842705,-0.03977738320827484,0.007103448733687401,0.01570497639477253,-1.0041818618774414,0.0,5703.0,0.0,0.0,317.16131591796875,-105.28327941894531,-64.32597351074219,-0.21257148683071136,-0.7833517789840698,-0.6616300940513611,-0.8738846182823181,0.8270015716552734,-0.5407065153121948
3.1136,1.3334269523620605,-2.656454086303711,-6.645252227783203,0.9213786721229553,0.37405896186828613,-3.044532537460327,164.16156005859375,-10.543343544006348,43.456722259521484,0.0,3.8058650493621826,-0.04965074732899666,0.015763891860842705,-0.03977738320827484,0.007103448733687401,0.01570497639477253,-1.0041818618774414,0.0,5703.0,0.0,0.0,317.16131591796875,-105.28327941894531,-64.32597351074219,2.087216854095459,2.1831512451171875,1.010560154914856,0.4035499691963196,-0.5545685887336731,0.9124683737754822
3.1235,1.3426178693771362,-2.6525561809539795,-6.675723075866699,0.9190672636032104,0.40002521872520447,-3.049661636352539,164.16156005859375,-10.543343544006348,43.456722259521484,0.0,3.8058650493621826,-0.04965074732899666,0.015763891860842705,-0.03977738320827484,0.007103448733687401,0.01570497639477253,-1.0041818618774414,0.0,5703.0,0.0,0.0,317.16131591796875,-105.28327941894531,-64.32597351074219,-2.6298818588256836,-0.4240214228630066,6.787478923797607e-05,-0.44407039880752563,-0.9024515151977539,-0.7885770797729492
3.1335,1.3517844676971436,-2.64839768409729,-6.706245422363281,0.9165367484092712,0.4261554777622223,-3.0549118518829346,163.62628173828125,-10.738805770874023,43.37848663330078,0.0,3.8058650493621826,-0.13874851167201996,-0.3037123382091522,-0.20866456627845764,0.006235198583453894,0.015058953315019608,-1.004372239112854,0.0,5703.0,0.0,0.0,317.16131591796875,-105.28327941894531,-64.32597351074219,0.7070146799087524,-0.4151497185230255,-0.5029904246330261,0.0966130718588829,-0.9743021130561829,-0.08912532031536102
3.1435,1.3609248399734497,-2.6439762115478516,-6.736819744110107,0.9138044714927673,0.45262813568115234,-3.060055732727051,163.62628173828125,-10.738805770874023,43.37848663330078,0.0,3.8058650493621826,-0.13874851167201996,-0.3037123382091522,-0.20866456627845764,0.006235198583453894,0.015058953315019608,-1.004372239112854,0.0,5703.0,0.0,0.0,317.16131591796875,-105.28327941894531,-64.32597351074219,0.9071395397186279,0.7561323046684265,2.028277635574341,-0.45144879817962646,0.9499247074127197,-0.6161001324653625
3.154,1.3700380325317383,-2.6392884254455566,-6.767446517944336,0.9111106395721436,0.47938209772109985,-3.0654571056365967,163.62628173828125,-10.738805770874023,43.37848663330078,0.0,3.8058650493621826,-0.13874851167201996,-0.3037123382091522,-0.20866456627845764,0.006235198583453894,0.015058953315019608,-1.004372239112854,0.0,0.0,0.0,0.0,317.16131591796875,-105.28327941894531,-64.32597351074219,-1.2927557229995728,-1.4957785606384277,0.595840334892273,0.6475313305854797,-0.11400039494037628,-0.7944965362548828
3.1645,1.3791248798370361,-2.6343331336975098,-6.798127174377441,0.9085355401039124,0.5061595439910889,-3.0709228515625,163.62628173828125,-10.738805770874023,43.37848663330078,0.0,3.8058650493621826,-0.13874851167201996,-0.3037123382091522,-0.20866456627845764,0.006235198583453894,0.015058953315019608,-1.004372239112854,0.0,0.0,0.0,0.0,317.16131591796875,-105.28327941894531,-64.32597351074219,-0.8471609950065613,0.2654051184654236,0.2021055966615677,0.30740442872047424,1.0931679010391235,0.24750611186027527
3.1736,1.3881847858428955,-2.6291098594665527,-6.828864097595215,0.9057266712188721,0.5329617857933044,-3.0767364501953125,163.62628173828125,-10.738805770874023,43.37848663330078,0.0,3.8058650493621826,-0.13874851167201996,-0.3037123382091522,-0.20866456627845764,0.006235198583453894,0.015058953315019608,-1.004372239112854,0.0,0.0,0.0,0.0,317.16131591796875,-105.28327941894531,-64.32597351074219,1.6784133911132812,0.02749745547771454,0.9972972869873047,-1.1714824438095093,-0.16179098188877106,-0.8713015913963318
3.1846,1.3972172737121582,-2.6236178874969482,-6.859658718109131,0.9030569195747375,0.559874951839447,-3.082552909851074,163.09315490722656,-10.941710472106934,43.2972412109375,0.0,3.8058650493621826,-0.019096873700618744,0.40033525228500366,0.09157929569482803,0.008982346393167973,0.01737353578209877,-1.003624439239502,0.0,0.0,0.0,0.0,317.16131591796875,-105.28327941894531,-64.32597351074219,-1.975492000579834,1.586795687675476,-0.619914174079895,-0.5849292278289795,1.5292054414749146,0.2209392637014389
3.1934,1.4062224626541138,-2.6178548336029053,-6.890510559082031,0.9002748727798462,0.5871568918228149,-3.0882105827331543,163.09315490722656,-10.941710472106934,43.2972412109375,0.0,3.8058650493621826,-0.019096873700618744,0.40033525228500366,0.09157929569482803,0.008982346393167973,0.01737353578209877,-1.003624439239502,0.0,0.0,0.0,0.0,317.16131591796875,-105.28327941894531,-64.32597351074219,1.0635582208633423,0.3972867429256439,-0.2746017873287201,2.7438278198242188,0.23233330249786377,0.5232208967208862
3.2035,1.4151992797851562,-2.611818552017212,-6.921419620513916,0.8973650336265564,0.6145227551460266,-3.0940918922424316,163.09315490722656,-10.941710472106934,43.2972412109375,0.0,3.8058650493621826,-0.019096873700618744,0.40033525228500366,0.09157929569482803,0.008982346393167973,0.01737353578209877,-1.003624439239502,0.0,0.0,0.0,0.0,317.16131591796875,-105.28327941894531,-64.32597351074219,1.0571751594543457,2.0773117542266846,0.2271254062652588,-2.2781600952148438,-1.8321760892868042,0.08966639637947083
3.2135,1.424147129058838,-2.605508327484131,-6.952389240264893,0.8945022225379944,0.6419330835342407,-3.100313425064087,163.09315490722656,-10.941710472106934,43.2972412109375,0.0,3.8058650493621826,-0.019096873700618744,0.40033525228500366,0.09157929569482803,0.008982346393167973,0.01737353578209877,-1.003624439239502,0.0,0.0,0.0,0.0,317.16131591796875,-105.28327941894531,-64.32597351074219,-0.04016052931547165,1.472861409187317,0.2306309938430786,0.06849807500839233,-2.507955551147461,-1.170766830444336
3.2236,1.43306565284729,-2.5989222526550293,-6.98342227935791,0.8914894461631775,0.6696783304214478,-3.1068530082702637,163.09315490722656,-10.941710472106934,43.2972412109375,0.0,3.8058650493621826,-0.019096873700618744,0.40033525228500366,0.09157929569482803,0.008982346393167973,0.01737353578209877,-1.003624439239502,0.0,0.0,0.0,0.0,317.16131591796875,-105.28327941894531,-64.32597351074219,0.2180696725845337,-0.21377389132976532,-0.588257908821106,1.0704677104949951,0.5039299726486206,0.5540375709533691
3.2336,1.4419540166854858,-2.592057704925537,-7.014520645141602,0.8884706497192383,0.697617769241333,-3.1134657859802246,162.56182861328125,-11.135473251342773,43.213382720947266,0.0,3.8058650493621826,-0.09991341829299927,0.21617227792739868,-0.12886767089366913,0.00955385621637106,0.015455416403710842,-1.0016041994094849,0.0,0.0,0.0,0.0,317.16131591796875,-105.28327941894531,-64.32597351074219,0.06791697442531586,-1.169817566871643,0.12881699204444885,-0.8681511282920837,0.12483400106430054,-0.7956451773643494
3.2436,1.4508123397827148,-2.584913730621338,-7.045684337615967,0.8855010867118835,0.7255762815475464,-3.1199634075164795,162.56182861328125,-11.135473251342773,43.213382720947266,0.0,3.8058650493621826,-0.09991341829299927,0.21617227792739868,-0.12886767089366913,0.00955385621637106,0.015455416403710842,-1.0016041994094849,0.0,0.0,0.0,0.0,317.16131591796875,-105.28327941894531,-64.32597351074219,0.6365594863891602,1.4100065231323242,-0.9795582890510559,1.272475242614746,-0.3575116693973541,0.4866005480289459
3.2535,1.4596402645111084,-2.577489137649536,-7.076914310455322,0.8823873400688171,0.7536930441856384,-3.1267476081848145,162.56182861328125,-11.135473251342773,43.213382720947266,0.0,3.8058650493621826,-0.09991341829299927,0.21617227792739868,-0.12886767089366913,0.00955385621637106,0.015455416403710842,-1.0016041994094849,0.0,0.0,0.0,0.0,317.16131591796875,-105.28327941894531,-64.32597351074219,-0.3699588477611542,0.9709747433662415,0.3122190237045288,0.2937144339084625,-1.187024474143982,1.3441883325576782
3.2635,1.4684360027313232,-2.5697829723358154,-7.108211994171143,0.879052460193634,0.781912088394165,-3.1335108280181885,162.56182861328125,-11.135473251342773,43.213382720947266,0.0,3.8058650493621826,-0.09991341829299927,0.21617227792739868,-0.12886767089366913,0.00955385621637106,0.015455416403710842,-1.0016041994094849,0.0,0.0,0.0,0.0,317.16131591796875,-105.28327941894531,-64.32597351074219,1.663469672203064,1.5427194833755493,0.3757779598236084,-0.9916231036186218,-1.532005786895752,-1.868786096572876
3.2735,1.477197289466858,-2.5617921352386475,-7.1395769119262695,0.8755170106887817,0.8105869889259338,-3.1403398513793945,162.56182861328125,-11.135473251342773,43.213382720947266,0.0,3.8058650493621826,-0.09991341829299927,0.21617227792739868,-0.12886767089366913,0.00955385621637106,0.015455416403710842,-1.0016041994094849,0.0,0.0,0.0,0.0,317.16131591796875,-105.28327941894531,-64.32597351074219,1.181443691253662,0.5420053601264954,0.24567393958568573,-0.9685097336769104,-0.35295772552490234,0.33976879715919495
3.2845,1.4859235286712646,-2.553514242172241,-7.171010494232178,0.8720450401306152,0.8393044471740723,-3.1472439765930176,162.0309600830078,-11.332531929016113,43.13284683227539,0.0,3.8058650493621826,0.08214522898197174,-0.39436075091362,-0.05252109095454216,0.00779406912624836,0.014611276797950268,-1.0022568702697754,0.0,0.0,0.0,0.0,317.16131591796875,-105.28327941894531,-64.32597351074219,-0.9172037243843079,-0.6144393086433411,-0.7160521745681763,-0.027701256796717644,-1.5162841081619263,0.23624782264232635
3.2936,1.4946144819259644,-2.544949531555176,-7.202514171600342,0.8684580326080322,0.8679684400558472,-3.1544389724731445,162.0309600830078,-11.332531929016113,43.13284683227539,0.0,3.8058650493621826,0.08214522898197174,-0.39436075091362,-0.05252109095454216,0.00779406912624836,0.014611276797950268,-1.0022568702697754,0.0,0.0,0.0,0.0,317.16131591796875,-105.28327941894531,-64.32597351074219,1.6359177827835083,-1.3536114692687988,-0.4172252416610718,-1.2225526571273804,3.064432382583618,1.202415108680725
3.3036,1.5032694339752197,-2.5360963344573975,-7.234089374542236,0.8648371696472168,0.8969682455062866,-3.16154146194458,162.0309600830078,-11.332531929016113,43.13284683227539,0.0,3.8058650493621826,0.08214522898197174,-0.39436075091362,-0.05252109095454216,0.00779406912624836,0.014611276797950268,-1.0022568702697754,0.0,0.0,0.0,0.0,317.16131591796875,-105.28327941894531,-64.32597351074219,0.8665935397148132,-0.14103057980537415,1.7929723262786865,-0.8369399905204773,-0.41082602739334106,-2.230700969696045
3.3136,1.5118881464004517,-2.5269522666931152,-7.265736103057861,0.8612151741981506,0.9261646866798401,-3.1688125133514404,162.0309600830078,-11.332531929016113,43.13284683227539,0.0,3.8058650493621826,0.08214522898197174,-0.39436075091362,-0.05252109095454216,0.00779406912624836,0.014611276797950268,-1.0022568702697754,0.0,0.0,0.0,0.0,317.16131591796875,-105.28327941894531,-64.32597351074219,1.2463738918304443,-0.27036941051483154,0.35501614212989807,-1.0083961486816406,0.19473764300346375,-1.186266303062439
3.3235,1.5204708576202393,-2.5175158977508545,-7.29745626449585,0.8576557636260986,0.9553754329681396,-3.1762733459472656,162.0309600830078,-11.332531929016113,43.13284683227539,0.0,3.8058650493621826,0.08214522898197174,-0.39436075091362,-0.05252109095454216,0.00779406912624836,0.014611276797950268,-1.0022568702697754,0.0,0.0,0.0,0.0,317.16131591796875,-105.28327941894531,-64.32597351074219,-1.5947304964065552,0.3865368366241455,-1.0144433975219727,0.11221924424171448,0.7208831310272217,0.06413660198450089
3.3335,1.5290173292160034,-2.5077874660491943,-7.329251289367676,0.8539553880691528,0.9845677018165588,-3.1838669776916504,161.50050354003906,-11.534273147583008,43.04258728027344,0.0,3.8058650493621826,0.0050997622311115265,-0.05841462314128876,-0.17138606309890747,0.006101988721638918,0.0173545703291893,-1.0009500980377197,0.0,0.0,0.0,0.0,317.16131591796875,-105.28327941894531,-64.32597351074219,1.2199572324752808,-0.579500675201416,-2.327273368835449,-0.2916821837425232,-0.09041127562522888,1.360046625137329
3.3435,1.5375263690948486,-2.4977667331695557,-7.3611226081848145,0.8501874804496765,1.013818621635437,-3.191643714904785,161.50050354003906,-11.534273147583008,43.04258728027344,0.0,3.8058650493621826,0.0050997622311115265,-0.05841462314128876,-0.17138606309890747,0.006101988721638918,0.0173545703291893,-1.0009500980377197,0.0,0.0,0.0,0.0,317.16131591796875,-105.28327941894531,-64.32597351074219,-0.12251390516757965,-1.317866563796997,0.1657954454421997,-0.7532166838645935,1.3174904584884644,0.12330058217048645
3.3535,1.5459976196289062,-2.4874520301818848,-7.393072128295898,0.8463906049728394,1.0433645248413086,-3.1995043754577637,161.50050354003906,-11.534273147583008,43.04258728027344,0.0,3.8058650493621826,0.0050997622311115265,-0.05841462314128876,-0.17138606309890747,0.006101988721638918,0.0173545703291893,-1.0009500980377197,0.0,0.0,0.0,0.0,317.16131591796875,-105.28327941894531,-64.32597351074219,-1.0720702409744263,0.2137603610754013,-0.2785016894340515,0.06067845597863197,1.2072864770889282,-0.36224254965782166
3.3635,1.5544312000274658,-2.476840019226074,-7.425101280212402,0.8426493406295776,1.0732792615890503,-3.20759916305542,161.50050354003906,-11.534273147583008,43.04258728027344,0.0,3.8058650493621826,0.0050997622311115265,-0.05841462314128876,-0.17138606309890747,0.006101988721638918,0.0173545703291893,-1.0009500980377197,0.0,0.0,0.0,0.0,317.16131591796875,-105.28327941894531,-64.32597351074219,0.33242130279541016,-0.23931849002838135,-1.2369685173034668,0.22957798838615417,-0.8549838662147522,-1.193795919418335
3.3735,1.56282639503479,-2.465928792953491,-7.457211494445801,0.8387287259101868,1.1031862497329712,-3.2158188819885254,161.50050354003906,-11.534273147583008,43.04258728027344,0.0,3.8058650493621826,0.0050997622311115265,-0.05841462314128876,-0.17138606309890747,0.006101988721638918,0.0173545703291893,-1.0009500980377197,0.0,0.0,0.0,0.0,317.16131591796875,-105.28327941894531,-64.32597351074219,0.18350264430046082,0.10926176607608795,-2.2229249477386475,-0.9283744096755981,0.25905799865722656,2.489429235458374
3.3835,1.5711811780929565,-2.4547181129455566,-7.489402770996094,0.8345675468444824,1.1331449747085571,-3.2239181995391846,160.9633331298828,-11.729293823242188,42.95213317871094,0.0,3.8058650493621826,0.24932599067687988,-0.17256313562393188,-0.0027406399603933096,0.006121485494077206,0.014567979611456394,-1.0017149448394775,0.0,0.0,0.0,0.0,317.16131591796875,-105.28327941894531,-64.32597351074219,1.9532567262649536,0.2453969419002533,1.440812349319458,-0.5144420266151428,-0.6991009712219238,1.2312989234924316
3.3935,1.5794931650161743,-2.443206310272217,-7.521676540374756,0.830175518989563,1.1633942127227783,-3.2323436737060547,160.9633331298828,-11.729293823242188,42.95213317871094,0.0,3.8058650493621826,0.24932599067687988,-0.17256313562393188,-0.0027406399603933096,0.006121485494077206,0.014567979611456394,-1.0017149448394775,0.0,0.0,0.0,0.0,317.16131591796875,-105.28327941894531,-64.32597351074219,1.4822463989257812,2.500959873199463,-0.0755772665143013,-1.31257963180542,-1.3549953699111938,-1.3626240491867065
3.4039,1.5877621173858643,-2.4313910007476807,-7.55403470993042,0.8259583711624146,1.1938303709030151,-3.2408132553100586,160.9633331298828,-11.729293823242188,42.95213317871094,0.0,3.8058650493621826,0.24932599067687988,-0.17256313562393188,-0.0027406399603933096,0.006121485494077206,0.014567979611456394,-1.0017149448394775,0.0,0.0,0.0,0.0,317.16131591796875,-105.28327941894531,-64.32597351074219,-0.2076195776462555,-0.23579388856887817,-0.6667777895927429,-1.4678398370742798,-1.604538083076477,0.40214261412620544
3.4135,1.5959887504577637,-2.4192700386047363,-7.586477279663086,0.8217238783836365,1.2245442867279053,-3.2493550777435303,160.9633331298828,-11.729293823242188,42.95213317871094,0.0,3.8058650493621826,0.24932599067687988,-0.17256313562393188,-0.0027406399603933096,0.006121485494077206,0.014567979611456394,-1.0017149448394775,0.0,0.0,0.0,0.0,317.16131591796875,-105.28327941894531,-64.32597351074219,0.0586114376783371,0.2040439248085022,-0.06650558114051819,1.9236056804656982,2.0934438705444336,0.0675632581114769
3.4238,1.604171872138977,-2.4068405628204346,-7.61900520324707,0.8172609806060791,1.2555207014083862,-3.257887601852417,160.9633331298828,-11.729293823242188,42.95213317871094,0.0,3.8058650493621826,0.24932599067687988,-0.17256313562393188,-0.0027406399603933096,0.006121485494077206,0.014567979611456394,-1.0017149448394775,0.0,0.0,0.0,0.0,317.16131591796875,-105.28327941894531,-64.32597351074219,0.5592734813690186,-0.200148805975914,-0.531076192855835,1.4632350206375122,-2.130098342895508,0.5854371190071106
3.4345,1.6123096942901611,-2.3941009044647217,-7.651618480682373,0.8126713633537292,1.286542534828186,-3.2665343284606934,160.42779541015625,-11.92148494720459,42.86268997192383,0.0,3.8058650493621826,-0.08560523390769958,-0.04210755228996277,-0.31837934255599976,0.005955403670668602,0.013494585640728474,-1.0041396617889404,0.0,0.0,0.0,0.0,317.16131591796875,-105.28327941894531,-64.32597351074219,2.578650712966919,-0.13991542160511017,-0.4484752416610718,-2.1712160110473633,0.7152608036994934,-1.1382921934127808
3.4435,1.6204010248184204,-2.3810510635375977,-7.684319019317627,0.8079624772071838,1.317552924156189,-3.2753653526306152,160.42779541015625,-11.92148494720459,42.86268997192383,0.0,3.8058650493621826,-0.08560523390769958,-0.04210755228996277,-0.31837934255599976,0.005955403670668602,0.013494585640728474,-1.0041396617889404,0.0,0.0,0.0,0.0,317.16131591796875,-105.28327941894531,-64.32597351074219,0.8428255319595337,0.70163494348526,1.1479980945587158,0.04612817242741585,-0.44828611612319946,0.1237364411354065
3.4535,1.6284451484680176,-2.367689847946167,-7.717107772827148,0.8032290935516357,1.348780870437622,-3.2842652797698975,160.42779541015625,-11.92148494720459,42.86268997192383,0.0,3.8058650493621826,-0.08560523390769958,-0.04210755228996277,-0.31837934255599976,0.005955403670668602,0.013494585640728474,-1.0041396617889404,0.0,0.0,0.0,0.0,317.16131591796875,-105.28327941894531,-64.32597351074219,2.024718761444092,1.7792073488235474,0.7746723294258118,-1.9763054847717285,-0.7500147223472595,-0.15428149700164795
3.4634,1.6364426612854004,-2.354015827178955,-7.749988079071045,0.7986564636230469,1.380092740058899,-3.2936625480651855,160.42779541015625,-11.92148494720459,42.86268997192383,0.0,3.8058650493621826,-0.08560523390769958,-0.04210755228996277,-0.31837934255599976,0.005955403670668602,0.013494585640728474,-1.0041396617889404,0.0,0.0,0.0,0.0,317.16131591796875,-105.28327941894531,-64.32597351074219,-0.20276714861392975,0.25567108392715454,-0.16088055074214935,-0.04151090607047081,-1.3976073265075684,-0.29146984219551086
3.4735,1.6443942785263062,-2.3400285243988037,-7.782962799072266,0.7940358519554138,1.411433219909668,-3.303244113922119,160.42779541015625,-11.92148494720459,42.86268997192383,0.0,3.8058650493621826,-0.08560523390769958,-0.04210755228996277,-0.31837934255599976,0.005955403670668602,0.013494585640728474,-1.0041396617889404,0.0,0.0,0.0,0.0,317.16131591796875,-105.28327941894531,-64.32597351074219,0.11374549567699432,0.16822922229766846,2.123488426208496,-1.647525668144226,-0.8462576866149902,-2.559319019317627
3.4835,1.652298927307129,-2.3257269859313965,-7.816033363342285,0.789280354976654,1.4429301023483276,-3.3128809928894043,159.89627075195312,-12.119879722595215,42.772525787353516,0.0,3.8058650493621826,0.277119904756546,-0.19456635415554047,-0.0577273890376091,0.008799200877547264,0.01480418723076582,-1.000859260559082,0.0,0.0,0.0,0.0,317.16131591796875,-105.28327941894531,-64.32597351074219,1.4408689737319946,-1.168798804283142,1.1199615001678467,0.6903644800186157,-0.7776234745979309,-1.8682907819747925
3.4935,1.6601555347442627,-2.3111093044281006,-7.849200248718262,0.7844313383102417,1.4746302366256714,-3.3225972652435303,159.89627075195312,-12.119879722595215,42.772525787353516,0.0,3.8058650493621826,0.277119904756546,-0.19456635415554047,-0.0577273890376091,0.008799200877547264,0.01480418723076582,-1.000859260559082,0.0,0.0,0.0,0.0,317.16131591796875,-105.28327941894531,-64.32597351074219,-0.2776350975036621,0.8299703598022461,-1.065292477607727,-1.2077480554580688,2.78411602973938,0.9966458082199097
3.5026,1.667962908744812,-2.2961742877960205,-7.882463455200195,0.7794445157051086,1.5064074993133545,-3.3322041034698486,159.89627075195312,-12.119879722595215,42.772525787353516,0.0,3.8058650493621826,0.277119904756546,-0.19456635415554047,-0.0577273890376091,0.008799200877547264,0.01480418723076582,-1.000859260559082,0.0,0.0,0.0,0.0,317.16131591796875,-105.28327941894531,-64.32597351074219,-0.06216559559106827,0.5407627820968628,0.3441627323627472,0.6009029150009155,-0.9729360342025757,1.7172187566757202
3.5135,1.6757211685180664,-2.2809200286865234,-7.915823459625244,0.7746065855026245,1.5384305715560913,-3.342036485671997,159.89627075195312,-12.119879722595215,42.772525787353516,0.0,3.8058650493621826,0.277119904756546,-0.19456635415554047,-0.0577273890376091,0.008799200877547264,0.01480418723076582,-1.000859260559082,0.0,0.0,0.0,0.0,317.16131591796875,-105.28327941894531,-64.32597351074219,0.28087979555130005,-1.5965135097503662,1.2885531187057495,-0.8422558903694153,-1.0639805793762207,-0.02147233858704567
3.5236,1.6834313869476318,-2.2653439044952393,-7.949282646179199,0.7698469758033752,1.5707769393920898,-3.3520400524139404,159.89627075195312,-12.119879722595215,42.772525787353516,0.0,3.8058650493621826,0.277119904756546,-0.19456635415554047,-0.0577273890376091,0.008799200877547264,0.01480418723076582,-1.000859260559082,0.0,0.0,0.0,0.0,317.16131591796875,-105.28327941894531,-64.32597351074219,-0.5585511922836304,1.9999032020568848,0.8229830861091614,1.399582862854004,-0.20992009341716766,-1.031529426574707
3.5335,1.691092848777771,-2.2494442462921143,-7.982842922210693,0.7648521065711975,1.6031289100646973,-3.362306594848633,159.3597412109375,-12.317319869995117,42.677555084228516,0.0,3.8058650493621826,-0.07583042234182358,-0.17700202763080597,0.07192157953977585,0.008905821479856968,0.013889262452721596,-1.002783179283142,0.0,0.0,0.0,0.0,317.16131591796875,-105.28327941894531,-64.32597351074219,-0.37508559226989746,-1.0358784198760986,1.6172748804092407,-1.2673860788345337,-0.6442503333091736,-0.5304937362670898
3.5435,1.6987029314041138,-2.233219623565674,-8.01650619506836,0.7595870494842529,1.635756015777588,-3.3726861476898193,159.3597412109375,-12.317319869995117,42.677555084228516,0.0,3.8058650493621826,-0.07583042234182358,-0.17700202763080597,0.07192157953977585,0.008905821479856968,0.013889262452721596,-1.002783179283142,0.0,0.0,0.0,0.0,317.16131591796875,-105.28327941894531,-64.32597351074219,1.2663878202438354,0.9552067518234253,0.6700770854949951,1.237410068511963,-0.8853293657302856,-1.889719009399414
3.5535,1.7062594890594482,-2.2166683673858643,-8.050272941589355,0.7541489005088806,1.668451189994812,-3.383216142654419,159.3597412109375,-12.317319869995117,42.677555084228516,0.0,3.8058650493621826,-0.07583042234182358,-0.17700202763080597,0.07192157953977585,0.008905821479856968,0.013889262452721596,-1.002783179283142,0.0,0.0,0.0,0.0,317.16131591796875,-105.28327941894531,-64.32597351074219,2.0280394554138184,2.158998966217041,0.18102115392684937,-3.169027328491211,-1.509050965309143,-0.7145631313323975
3.5627,1.7137624025344849,-2.1997902393341064,-8.084146499633789,0.7488545775413513,1.7010871171951294,-3.393982172012329,159.3597412109375,-12.317319869995117,42.677555084228516,0.0,3.8058650493621826,-0.07583042234182358,-0.17700202763080597,0.07192157953977585,0.008905821479856968,0.013889262452721596,-1.002783179283142,0.0,0.0,0.0,0.0,317.16131591796875,-105.28327941894531,-64.32597351074219,-0.4832409918308258,1.033747911453247,0.3727175295352936,0.31536024808883667,-1.722843050956726,0.736043393611908
3.5735,1.7212121486663818,-2.182584762573242,-8.118127822875977,0.7435215711593628,1.7339030504226685,-3.404855966567993,159.3597412109375,-12.317319869995117,42.677555084228516,0.0,3.8058650493621826,-0.07583042234182358,-0.17700202763080597,0.07192157953977585,0.008905821479856968,0.013889262452721596,-1.002783179283142,0.0,0.0,0.0,0.0,317.16131591796875,-105.28327941894531,-64.32597351074219,1.20070481300354,-1.8688173294067383,0.3506712317466736,-1.4291980266571045,-0.3103120028972626,-0.8189874291419983
3.5836,1.7286086082458496,-2.1650493144989014,-8.152216911315918,0.7382124662399292,1.7670823335647583,-3.415652275085449,158.8272705078125,-12.510334014892578,42.57899475097656,0.0,3.8058650493621826,-0.1331312507390976,-0.09115660935640335,0.1103612557053566,0.010675504803657532,0.014699344523251057,-1.0054665803909302,0.0,0.0,0.0,0.0,317.16131591796875,-105.28327941894531,-64.32597351074219,-0.6573033928871155,1.2875170707702637,-1.1058311462402344,-1.6007194519042969,-0.13634374737739563,0.41203758120536804
3.5926,1.7359520196914673,-2.1471805572509766,-8.18641471862793,0.7329130172729492,1.8005084991455078,-3.426537275314331,158.8272705078125,-12.510334014892578,42.57899475097656,0.0,3.8058650493621826,-0.1331312507390976,-0.09115660935640335,0.1103612557053566,0.010675504803657532,0.014699344523251057,-1.0054665803909302,0.0,0.0,0.0,0.0,317.16131591796875,-105.28327941894531,-64.32597351074219,-0.955710232257843,0.5270695090293884,0.9039658308029175,0.7848273515701294,-0.05917157605290413,-1.646828532218933
3.6037,1.7432408332824707,-2.1289780139923096,-8.220721244812012,0.7272958755493164,1.8338547945022583,-3.437612533569336,158.8272705078125,-12.510334014892578,42.57899475097656,0.0,3.8058650493621826,-0.1331312507390976,-0.09115660935640335,0.1103612557053566,0.010675504803657532,0.014699344523251057,-1.0054665803909302,0.0,0.0,0.0,0.0,317.16131591796875,-105.28327941894531,-64.32597351074219,-1.1191586256027222,1.2701841592788696,1.6810311079025269,-0.10717659443616867,0.3309270739555359,-0.8367034792900085
3.6136,1.7504733800888062,-2.110441207885742,-8.255139350891113,0.7216740250587463,1.8673291206359863,-3.448765754699707,158.8272705078125,-12.510334014892578,42.57899475097656,0.0,3.8058650493621826,-0.1331312507390976,-0.09115660935640335,0.1103612557053566,0.010675504803657532,0.014699344523251057,-1.0054665803909302,0.0,0.0,0.0,0.0,317.16131591796875,-105.28327941894531,-64.32597351074219,0.50677490234375,0.8713401556015015,-0.26442933082580566,0.6339465975761414,-1.7683436870574951,0.3753972351551056
3.6235,1.7576497793197632,-2.0915687084198,-8.289668083190918,0.7160512208938599,1.9009817838668823,-3.45988392829895,158.8272705078125,-12.510334014892578,42.57899475097656,0.0,3.8058650493621826,-0.1331312507390976,-0.09115660935640335,0.1103612557053566,0.010675504803657532,0.014699344523251057,-1.0054665803909302,0.0,0.0,0.0,0.0,317.16131591796875,-105.28327941894531,-64.32597351074219,-0.07193806767463684,-0.8653777837753296,-1.3431141376495361,-2.8799760341644287,-0.7966784238815308,0.29182782769203186
3.6336,1.7647688388824463,-2.0723586082458496,-8.324308395385742,0.7102195620536804,1.9348094463348389,-3.471212148666382,158.29176330566406,-12.703431129455566,42.479522705078125,0.0,3.8058650493621826,-0.009068571962416172,0.3278051018714905,0.0968804806470871,0.007738294545561075,0.013263714499771595,-1.0031163692474365,0.0,0.0,0.0,0.0,317.16131591796875,-105.28327941894531,-64.32597351074219,-2.7481746673583984,0.9450175166130066,-2.522773265838623,1.8135987520217896,0.8020705580711365,2.489619731903076
3.6424,1.7718292474746704,-2.052809476852417,-8.359064102172852,0.704317569732666,1.9687793254852295,-3.482908010482788,158.29176330566406,-12.703431129455566,42.479522705078125,0.0,3.8058650493621826,-0.009068571962416172,0.3278051018714905,0.0968804806470871,0.007738294545561075,0.013263714499771595,-1.0031163692474365,0.0,0.0,0.0,0.0,317.16131591796875,-105.28327941894531,-64.32597351074219,0.6788198947906494,-0.37030547857284546,0.32050827145576477,1.3048417568206787,-0.6156229972839355,1.3927984237670898
3.6535,1.778830885887146,-2.0329208374023438,-8.393936157226562,0.6984840631484985,2.0027060508728027,-3.494615316390991,158.29176330566406,-12.703431129455566,42.479522705078125,0.0,3.8058650493621826,-0.009068571962416172,0.3278051018714905,0.0968804806470871,0.007738294545561075,0.013263714499771595,-1.0031163692474365,0.0,0.0,0.0,0.0,317.16131591796875,-105.28327941894531,-64.32597351074219,-0.9752178192138672,-0.31125518679618835,0.30979427695274353,-0.8486127257347107,1.2740129232406616,-0.13307726383209229
3.6635,1.7857738733291626,-2.0126914978027344,-8.428926467895508,0.6925822496414185,2.0368940830230713,-3.5065250396728516,158.29176330566406,-12.703431129455566,42.479522705078125,0.0,3.8058650493621826,-0.009068571962416172,0.3278051018714905,0.0968804806470871,0.007738294545561075,0.013263714499771595,-1.0031163692474365,0.0,0.0,0.0,0.0,317.16131591796875,-105.28327941894531,-64.32597351074219,0.48187965154647827,1.420589804649353,0.27194371819496155,0.4607011377811432,-1.233518123626709,0.5968103408813477
3.6725,1.792657494544983,-1.99211847782135,-8.464035987854004,0.686626672744751,2.0714035034179688,-3.5185680389404297,158.29176330566406,-12.703431129455566,42.479522705078125,0.0,3.8058650493621826,-0.009068571962416172,0.3278051018714905,0.0968804806470871,0.007738294545561075,0.013263714499771595,-1.0031163692474365,0.0,0.0,0.0,0.0,317.16131591796875,-105.28327941894531,-64.32597351074219,-0.5383289456367493,0.3972414433956146,0.5041319131851196,-0.0914081409573555,-1.1153874397277832,-0.045387305319309235
3.6835,1.79948091506958,-1.9711991548538208,-8.499265670776367,0.6805369257926941,2.1061348915100098,-3.5307023525238037,157.75401306152344,-12.893476486206055,42.37852096557617,0.0,3.8058650493621826,-0.02885749749839306,0.23716481029987335,0.08847281336784363,0.008732165209949017,0.012982062064111233,-1.0045350790023804,0.0,0.0,0.0,0.0,317.16131591796875,-105.28327941894531,-64.32597351074219,-0.8263780474662781,-1.417953610420227,-0.29746466875076294,-0.034793976694345474,1.0403263568878174,0.7056068778038025
3.6925,1.8062430620193481,-1.9499320983886719,-8.53461742401123,0.6743815541267395,2.140923261642456,-3.5430784225463867,157.75401306152344,-12.893476486206055,42.37852096557617,0.0,3.8058650493621826,-0.02885749749839306,0.23716481029987335,0.08847281336784363,0.008732165209949017,0.012982062064111233,-1.0045350790023804,0.0,0.0,0.0,0.0,317.16131591796875,-105.28327941894531,-64.32597351074219,-1.4769046306610107,-0.590135395526886,-1.5683432817459106,0.7204433083534241,1.0187523365020752,1.0199092626571655
3.7035,1.8129432201385498,-1.9283171892166138,-8.570094108581543,0.6681531071662903,2.1757023334503174,-3.555607318878174,157.75401306152344,-12.893476486206055,42.37852096557617,0.0,3.8058650493621826,-0.02885749749839306,0.23716481029987335,0.08847281336784363,0.008732165209949017,0.012982062064111233,-1.0045350790023804,0.0,0.0,0.0,0.0,317.16131591796875,-105.28327941894531,-64.32597351074219,1.2008991241455078,-0.06727743148803711,0.45209723711013794,-0.5327599048614502,1.2064266204833984,0.7665266394615173
3.7135,1.8195806741714478,-1.906353235244751,-8.605696678161621,0.6618395447731018,2.2107064723968506,-3.568429946899414,157.75401306152344,-12.893476486206055,42.37852096557617,0.0,3.8058650493621826,-0.02885749749839306,0.23716481029987335,0.08847281336784363,0.008732165209949017,0.012982062064111233,-1.0045350790023804,0.0,0.0,0.0,0.0,317.16131591796875,-105.28327941894531,-64.32597351074219,-0.06844362616539001,-0.29213717579841614,-0.7579581141471863,-0.21737021207809448,0.6146974563598633,-0.4415227770805359
3.7235,1.826154351234436,-1.8840386867523193,-8.64142894744873,0.6554133892059326,2.2457971572875977,-3.5815320014953613,157.75401306152344,-12.893476486206055,42.37852096557617,0.0,3.8058650493621826,-0.02885749749839306,0.23716481029987335,0.08847281336784363,0.008732165209949017,0.012982062064111233,-1.0045350790023804,0.0,0.0,0.0,0.0,317.16131591796875,-105.28327941894531,-64.32597351074219,-0.8311480283737183,-1.2699962854385376,0.060483649373054504,1.7933096885681152,-0.2891528308391571,0.5767751336097717
3.7335,1.8326632976531982,-1.8613728284835815,-8.677292823791504,0.6489013433456421,2.2809362411499023,-3.594787836074829,157.2156524658203,-13.07679557800293,42.27740478515625,0.0,3.8058650493621826,0.15033121407032013,-0.09242796152830124,-0.130912646651268,0.007074544206261635,0.013204016722738743,-1.0019043684005737,0.0,0.0,0.0,0.0,317.16131591796875,-105.28327941894531,-64.32597351074219,-0.2411067932844162,0.19818362593650818,0.26808375120162964,0.13805551826953888,0.8863533735275269,0.06675440073013306
3.7425,1.8391072750091553,-1.8383545875549316,-8.713288307189941,0.6424139738082886,2.3162622451782227,-3.608003616333008,157.2156524658203,-13.07679557800293,42.27740478515625,0.0,3.8058650493621826,0.15033121407032013,-0.09242796152830124,-0.130912646651268,0.007074544206261635,0.013204016722738743,-1.0019043684005737,0.0,0.0,0.0,0.0,317.16131591796875,-105.28327941894531,-64.32597351074219,-0.6003836989402771,-1.6261577606201172,0.13316723704338074,0.3797793388366699,1.0592840909957886,0.18404190242290497
3.7536,1.845487356185913,-1.8149821758270264,-8.74941635131836,0.6361449956893921,2.351736307144165,-3.6213583946228027,157.2156524658203,-13.07679557800293,42.27740478515625,0.0,3.8058650493621826,0.15033121407032013,-0.09242796152830124,-0.130912646651268,0.007074544206261635,0.013204016722738743,-1.0019043684005737,0.0,0.0,0.0,0.0,317.16131591796875,-105.28327941894531,-64.32597351074219,0.8548572659492493,0.7519631385803223,0.8209348917007446,-0.33677244186401367,1.391221284866333,0.07430952787399292
3.7635,1.851803183555603,-1.7912548780441284,-8.785677909851074,0.6295715570449829,2.3872125148773193,-3.634843587875366,157.2156524658203,-13.07679557800293,42.27740478515625,0.0,3.8058650493621826,0.15033121407032013,-0.09242796152830124,-0.130912646651268,0.007074544206261635,0.013204016722738743,-1.0019043684005737,0.0,0.0,0.0,0.0,317.16131591796875,-105.28327941894531,-64.32597351074219,0.386074036359787,-1.9693245887756348,-1.0350635051727295,1.4572908878326416,-0.606033444404602,2.0317225456237793
3.7736,1.858053207397461,-1.7671722173690796,-8.822074890136719,0.6229767799377441,2.422790288925171,-3.648547649383545,157.2156524658203,-13.07679557800293,42.27740478515625,0.0,3.8058650493621826,0.15033121407032013,-0.09242796152830124,-0.130912646651268,0.007074544206261635,0.013204016722738743,-1.0019043684005737,0.0,0.0,0.0,0.0,317.16131591796875,-105.28327941894531,-64.32597351074219,-0.06695042550563812,-1.2211313247680664,0.8739244937896729,0.38105061650276184,2.5775821208953857,0.06586766988039017
3.7836,1.86423659324646,-1.7427328824996948,-8.858610153198242,0.6162497401237488,2.4585371017456055,-3.662398099899292,156.6841583251953,-13.26257610321045,42.17544174194336,0.0,3.8058650493621826,-0.02280881628394127,-0.1352357566356659,0.1569042056798935,0.006203785538673401,0.013205070048570633,-1.001389503479004,0.0,0.0,0.0,0.0,317.16131591796875,-105.28327941894531,-64.32597351074219,-0.4229865074157715,-0.9487044811248779,-0.5540215373039246,-1.3179606199264526,-0.6854070425033569,0.16266851127147675
3.7925,1.8703515529632568,-1.7179349660873413,-8.895284652709961,0.6093142628669739,2.4944777488708496,-3.676459312438965,156.6841583251953,-13.26257610321045,42.17544174194336,0.0,3.8058650493621826,-0.02280881628394127,-0.1352357566356659,0.1569042056798935,0.006203785538673401,0.013205070048570633,-1.001389503479004,0.0,0.0,0.0,0.0,317.16131591796875,-105.28327941894531,-64.32597351074219,-0.8956528306007385,-0.5866267681121826,-0.18181204795837402,0.3019973933696747,1.674690842628479,-0.35897499322891235
3.8036,1.876397728919983,-1.6927770376205444,-8.932100296020508,0.6025060415267944,2.5305123329162598,-3.6906938552856445,156.6841583251953,-13.26257610321045,42.17544174194336,0.0,3.8058650493621826,-0.02280881628394127,-0.1352357566356659,0.1569042056798935,0.006203785538673401,0.013205070048570633,-1.001389503479004,0.0,0.0,0.0,0.0,317.16131591796875,-105.28327941894531,-64.32597351074219,0.6152646541595459,0.9003342390060425,0.1087649017572403,1.5923789739608765,-0.05725701153278351,1.337554931640625
3.8125,1.8823752403259277,-1.6672581434249878,-8.9690580368042,0.5955871939659119,2.5666563510894775,-3.705080986022949,156.6841583251953,-13.26257610321045,42.17544174194336,0.0,3.8058650493621826,-0.02280881628394127,-0.1352357566356659,0.1569042056798935,0.006203785538673401,0.013205070048570633,-1.001389503479004,0.0,0.0,0.0,0.0,317.16131591796875,-105.28327941894531,-64.32597351074219,0.9512290358543396,0.9868439435958862,-0.4448024332523346,0.41441431641578674,-3.4077706336975098,0.2950306236743927
3.8225,1.8888697624206543,-1.6387652158737183,-9.009876251220703,0.5878254771232605,2.60723614692688,-3.7206978797912598,156.6841583251953,-13.26257610321045,42.17544174194336,0.0,3.8058650493621826,-0.02280881628394127,-0.1352357566356659,0.1569042056798935,0.006203785538673401,0.013205070048570633,-1.001389503479004,0.0,0.0,0.0,0.0,317.16131591796875,-105.28327941894531,-64.32597351074219,0.6705678701400757,-1.4811800718307495,1.0301144123077393,-0.6310755014419556,0.5770267844200134,-0.5383996367454529
3.8335,1.8947010040283203,-1.6124770641326904,-9.047133445739746,0.5810270309448242,2.643733263015747,-3.735069513320923,156.14869689941406,-13.45101547241211,42.06903839111328,0.0,3.8058650493621826,-0.396869957447052,0.25042644143104553,-0.08900506794452667,0.007699764333665371,0.015515360981225967,-1.0053675174713135,0.0,0.0,0.0,0.0,317.16131591796875,-105.28327941894531,-64.32597351074219,-1.2052491903305054,-0.3932678699493408,-0.08971218764781952,-1.1217271089553833,1.570060133934021,-0.2749679684638977
3.8436,1.9004628658294678,-1.5858231782913208,-9.084534645080566,0.5739411115646362,2.6803455352783203,-3.749507188796997,156.14869689941406,-13.45101547241211,42.06903839111328,0.0,3.8058650493621826,-0.396869957447052,0.25042644143104553,-0.08900506794452667,0.007699764333665371,0.015515360981225967,-1.0053675174713135,0.0,0.0,0.0,0.0,317.16131591796875,-105.28327941894531,-64.32597351074219,-1.8535981178283691,1.0661238431930542,0.7621047496795654,0.868005633354187,-0.8856939077377319,-0.6528384685516357
3.8536,1.906153917312622,-1.5588033199310303,-9.122081756591797,0.56687331199646,2.7168991565704346,-3.764294147491455,156.14869689941406,-13.45101547241211,42.06903839111328,0.0,3.8058650493621826,-0.396869957447052,0.25042644143104553,-0.08900506794452667,0.007699764333665371,0.015515360981225967,-1.0053675174713135,0.0,0.0,0.0,0.0,317.16131591796875,-105.28327941894531,-64.32597351074219,-0.18152934312820435,-0.4483509361743927,2.1100075244903564,1.6780140399932861,0.018278252333402634,-0.4699965715408325
3.8634,1.9117742776870728,-1.5314158201217651,-9.159778594970703,0.5598158240318298,2.7538440227508545,-3.7795190811157227,156.14869689941406,-13.45101547241211,42.06903839111328,0.0,3.8058650493621826,-0.396869957447052,0.25042644143104553,-0.08900506794452667,0.007699764333665371,0.015515360981225967,-1.0053675174713135,0.0,0.0,0.0,0.0,317.16131591796875,-105.28327941894531,-64.32597351074219,0.5637127161026001,-2.044219970703125,0.8775140047073364,-1.429311752319336,0.5478169322013855,-2.5250308513641357
3.8735,1.9173229932785034,-1.5036590099334717,-9.197627067565918,0.5525606870651245,2.790743112564087,-3.7948713302612305,156.14869689941406,-13.45101547241211,42.06903839111328,0.0,3.8058650493621826,-0.396869957447052,0.25042644143104553,-0.08900506794452667,0.007699764333665371,0.015515360981225967,-1.0053675174713135,0.0,0.0,0.0,0.0,317.16131591796875,-105.28327941894531,-64.32597351074219,0.3928775489330292,0.11601636558771133,-1.426706075668335,-1.2322384119033813,-0.42196547985076904,-0.4078851640224457
3.8836,1.922798752784729,-1.4755322933197021,-9.235628128051758,0.5452210903167725,2.8278040885925293,-3.8101108074188232,155.611328125,-13.636480331420898,41.95918655395508,0.0,3.8058650493621826,0.22031845152378082,0.03297654166817665,0.13545773923397064,0.006550131365656853,0.015158373862504959,-1.0018854141235352,0.0,0.0,0.0,0.0,317.16131591796875,-105.28327941894531,-64.32597351074219,1.8911770582199097,-0.6558746099472046,0.46233704686164856,-1.6337860822677612,1.5446465015411377,0.7234165072441101
3.8935,1.928200602531433,-1.4470340013504028,-9.273783683776855,0.5378026962280273,2.8650217056274414,-3.82568621635437,155.611328125,-13.636480331420898,41.95918655395508,0.0,3.8058650493621826,0.22031845152378082,0.03297654166817665,0.13545773923397064,0.006550131365656853,0.015158373862504959,-1.0018854141235352,0.0,0.0,0.0,0.0,317.16131591796875,-105.28327941894531,-64.32597351074219,-0.058157771825790405,-0.42068904638290405,1.8462398052215576,-1.1473802328109741,0.5354524850845337,-0.674811840057373
3.9036,1.933527946472168,-1.4181621074676514,-9.312094688415527,0.5303159356117249,2.902493476867676,-3.84134578704834,155.611328125,-13.636480331420898,41.95918655395508,0.0,3.8058650493621826,0.22031845152378082,0.03297654166817665,0.13545773923397064,0.006550131365656853,0.015158373862504959,-1.0018854141235352,0.0,0.0,0.0,0.0,317.16131591796875,-105.28327941894531,-64.32597351074219,0.19895192980766296,1.248166561126709,0.44875967502593994,-0.8086933493614197,-0.0801749974489212,0.4194639325141907
3.9126,1.9387800693511963,-1.3889148235321045,-9.350563049316406,0.5227750539779663,2.940077543258667,-3.857218027114868,155.611328125,-13.636480331420898,41.95918655395508,0.0,3.8058650493621826,0.22031845152378082,0.03297654166817665,0.13545773923397064,0.006550131365656853,0.015158373862504959,-1.0018854141235352,0.0,0.0,0.0,0.0,317.16131591796875,-105.28327941894531,-64.32597351074219,-0.9043599367141724,-0.06944668292999268,-0.9410662651062012,0.9660564064979553,-2.400127649307251,0.3650355339050293
3.9226,1.9439568519592285,-1.3592902421951294,-9.389191627502441,0.5152655839920044,2.9779388904571533,-3.8733904361724854,155.611328125,-13.636480331420898,41.95918655395508,0.0,3.8058650493621826,0.22031845152378082,0.03297654166817665,0.13545773923397064,0.006550131365656853,0.015158373862504959,-1.0018854141235352,0.0,0.0,0.0,0.0,317.16131591796875,-105.28327941894531,-64.32597351074219,-0.48555296659469604,0.11580126732587814,-0.40557724237442017,-0.7495125532150269,-0.003509368747472763,0.5365386009216309
3.9334,1.9490584135055542,-1.329285740852356,-9.42798137664795,0.5077200531959534,3.0160152912139893,-3.8896615505218506,155.07748413085938,-13.82206916809082,41.85087203979492,0.0,3.8058650493621826,0.2248920351266861,0.3240109384059906,-0.010331714525818825,0.008535552769899368,0.012362999841570854,-1.0030584335327148,0.0,0.0,0.0,0.0,317.16131591796875,-105.28327941894531,-64.32597351074219,0.6115408539772034,-0.062446922063827515,0.9993084669113159,0.20691122114658356,0.7089924216270447,-0.9577704668045044
3.9435,1.9540835618972778,-1.298900842666626,-9.466933250427246,0.5000102519989014,3.0540056228637695,-3.90582275390625,155.07748413085938,-13.82206916809082,41.85087203979492,0.0,3.8058650493621826,0.2248920351266861,0.3240109384059906,-0.010331714525818825,0.008535552769899368,0.012362999841570854,-1.0030584335327148,0.0,0.0,0.0,0.0,317.16131591796875,-105.28327941894531,-64.32597351074219,-2.442138433456421,-1.6441054344177246,-0.5815385580062866,-0.5537522435188293,-1.146958827972412,-1.605142593383789
3.9526,1.9590318202972412,-1.2681357860565186,-9.506048202514648,0.49234551191329956,3.0920112133026123,-3.9224390983581543,155.07748413085938,-13.82206916809082,41.85087203979492,0.0,3.8058650493621826,0.2248920351266861,0.3240109384059906,-0.010331714525818825,0.008535552769899368,0.012362999841570854,-1.0030584335327148,0.0,0.0,0.0,0.0,317.16131591796875,-105.28327941894531,-64.32597351074219,-0.3783099055290222,0.47172045707702637,-0.8293736577033997,2.216254234313965,1.1874562501907349,0.17004074156284332
3.9625,1.9639033079147339,-1.2369897365570068,-9.545330047607422,0.48467084765434265,3.1301848888397217,-3.9391560554504395,155.07748413085938,-13.82206916809082,41.85087203979492,0.0,3.8058650493621826,0.2248920351266861,0.3240109384059906,-0.010331714525818825,0.008535552769899368,0.012362999841570854,-1.0030584335327148,0.0,0.0,0.0,0.0,317.16131591796875,-105.28327941894531,-64.32597351074219,-0.04931023716926575,-0.7479391098022461,-0.4238351881504059,0.8865858912467957,0.566512942314148,-0.45447853207588196
3.9735,1.9686968326568604,-1.2054616212844849,-9.584778785705566,0.4767436385154724,3.1683897972106934,-3.955897331237793,155.07748413085938,-13.82206916809082,41.85087203979492,0.0,3.8058650493621826,0.2248920351266861,0.3240109384059906,-0.010331714525818825,0.008535552769899368,0.012362999841570854,-1.0030584335327148,0.0,0.0,0.0,0.0,317.16131591796875,-105.28327941894531,-64.32597351074219,1.02614164352417,-0.6713706851005554,2.2210724353790283,-1.9320298433303833,0.029720364138484,-0.13900546729564667
3.9836,1.973410964012146,-1.1735501289367676,-9.624395370483398,0.4688031077384949,3.206838369369507,-3.9728682041168213,154.5422821044922,-14.0051908493042,41.740726470947266,0.0,3.8058650493621826,0.2580932378768921,-0.14374172687530518,0.15170703828334808,0.00797078013420105,0.012822088785469532,-1.0021687746047974,0.0,0.0,0.0,0.0,317.16131591796875,-105.28327941894531,-64.32597351074219,-0.19753508269786835,2.097946882247925,0.6789339780807495,-0.5142120122909546,-1.7737032175064087,-1.3564399480819702
3.9926,1.9780446290969849,-1.1412527561187744,-9.664182662963867,0.4606706202030182,3.245513916015625,-3.990057945251465,154.5422821044922,-14.0051908493042,41.740726470947266,0.0,3.8058650493621826,0.2580932378768921,-0.14374172687530518,0.15170703828334808,0.00797078013420105,0.012822088785469532,-1.0021687746047974,0.0,0.0,0.0,0.0,317.16131591796875,-105.28327941894531,-64.32597351074219,1.2425369024276733,-2.442404270172119,-0.6333514451980591,1.02753746509552,0.8865410089492798,1.8715105056762695
4.0036,1.9825971126556396,-1.1085689067840576,-9.704141616821289,0.4525661766529083,3.2841134071350098,-4.00737190246582,154.5422821044922,-14.0051908493042,41.740726470947266,0.0,3.8058650493621826,0.2580932378768921,-0.14374172687530518,0.15170703828334808,0.00797078013420105,0.012822088785469532,-1.0021687746047974,0.0,0.0,0.0,0.0,317.16131591796875,-105.28327941894531,-64.32597351074219,0.9204021692276001,-1.1348479986190796,-1.4942529201507568,-1.1944935321807861,2.12308931350708,0.8815420269966125
4.0125,1.9870696067810059,-1.0754987001419067,-9.744275093078613,0.444688618183136,3.3227548599243164,-4.024972915649414,154.5422821044922,-14.0051908493042,41.740726470947266,0.0,3.8058650493621826,0.2580932378768921,-0.14374172687530518,0.15170703828334808,0.00797078013420105,0.012822088785469532,-1.0021687746047974,0.0,0.0,0.0,0.0,317.16131591796875,-105.28327941894531,-64.32597351074219,-1.8180980682373047,2.7976551055908203,-2.2410452365875244,0.1589115560054779,-2.5740349292755127,1.6424696445465088
4.0225,1.9914631843566895,-1.0420407056808472,-9.784584999084473,0.4367946684360504,3.361639976501465,-4.0427680015563965,154.5422821044922,-14.0051908493042,41.740726470947266,0.0,3.8058650493621826,0.2580932378768921,-0.14374172687530518,0.15170703828334808,0.00797078013420105,0.012822088785469532,-1.0021687746047974,0.0,0.0,0.0,0.0,317.16131591796875,-105.28327941894531,-64.32597351074219,-1.1395184993743896,0.9966094493865967,-2.369462728500366,1.2990624904632568,-1.8920942544937134,0.930231511592865
4.0335,1.9957771301269531,-1.008193016052246,-9.8250732421875,0.42877569794654846,3.4006564617156982,-4.06056547164917,154.00820922851562,-14.192302703857422,41.62543869018555,0.0,3.8058650493621826,-0.1002930998802185,0.10022671520709991,-0.002056063851341605,0.008731837384402752,0.01566152647137642,-1.0015171766281128,0.0,0.0,0.0,0.0,317.16131591796875,-105.28327941894531,-64.32597351074219,0.5596120953559875,-0.9098032116889954,-0.9472042918205261,-0.4539611339569092,-0.3474433720111847,1.1447968482971191
4.0435,2.0000112056732178,-0.9739547967910767,-9.865738868713379,0.4208073914051056,3.439727783203125,-4.078483581542969,154.00820922851562,-14.192302703857422,41.62543869018555,0.0,3.8058650493621826,-0.1002930998802185,0.10022671520709991,-0.002056063851341605,0.008731837384402752,0.01566152647137642,-1.0015171766281128,0.0,0.0,0.0,0.0,317.16131591796875,-105.28327941894531,-64.32597351074219,0.8631285429000854,0.3571157455444336,0.1603233814239502,-1.5772849321365356,0.5181666612625122,-0.2434176653623581
4.0524,2.004164218902588,-0.939325213432312,-9.906583786010742,0.4125765562057495,3.4788923263549805,-4.096447944641113,154.00820922851562,-14.192302703857422,41.62543869018555,0.0,3.8058650493621826,-0.1002930998802185,0.10022671520709991,-0.002056063851341605,0.008731837384402752,0.01566152647137642,-1.0015171766281128,0.0,0.0,0.0,0.0,317.16131591796875,-105.28327941894531,-64.32597351074219,0.060197845101356506,-0.9491931200027466,0.6123874187469482,-0.7049669027328491,-2.0618340969085693,-1.2468518018722534
4.0624,2.0082340240478516,-0.9043036699295044,-9.94760799407959,0.4041813015937805,3.5180931091308594,-4.114455223083496,154.00820922851562,-14.192302703857422,41.62543869018555,0.0,3.8058650493621826,-0.1002930998802185,0.10022671520709991,-0.002056063851341605,0.008731837384402752,0.01566152647137642,-1.0015171766281128,0.0,0.0,0.0,0.0,317.16131591796875,-105.28327941894531,-64.32597351074219,-0.18016494810581207,-1.5097124576568604,0.8326889276504517,-0.05210260674357414,3.0728018283843994,-1.1336053609848022
4.0726,2.012219190597534,-0.868888258934021,-9.988813400268555,0.3956829309463501,3.5576279163360596,-4.132739067077637,154.00820922851562,-14.192302703857422,41.62543869018555,0.0,3.8058650493621826,-0.1002930998802185,0.10022671520709991,-0.002056063851341605,0.008731837384402752,0.01566152647137642,-1.0015171766281128,0.0,0.0,0.0,0.0,317.16131591796875,-105.28327941894531,-64.32597351074219,1.4383938312530518,1.3004692792892456,1.4598957300186157,-0.6819071173667908,-0.22805480659008026,-1.7026792764663696
4.0836,2.016120433807373,-0.8330767750740051,-10.030202865600586,0.3873766362667084,3.597280740737915,-4.151352405548096,153.46804809570312,-14.369086265563965,41.51139831542969,0.0,3.8058650493621826,-0.32022911310195923,0.23739218711853027,-0.23841281235218048,0.00891667976975441,0.01620601676404476,-1.002454161643982,0.0,0.0,0.0,0.0,317.16131591796875,-105.28327941894531,-64.32597351074219,1.3042242527008057,0.017891153693199158,-0.7515935897827148,-3.3842616081237793,-0.15207192301750183,-2.0350866317749023
4.0925,2.0199382305145264,-0.7968679666519165,-10.071779251098633,0.37902432680130005,3.637059450149536,-4.170068740844727,153.46804809570312,-14.369086265563965,41.51139831542969,0.0,3.8058650493621826,-0.32022911310195923,0.23739218711853027,-0.23841281235218048,0.00891667976975441,0.01620601676404476,-1.002454161643982,0.0,0.0,0.0,0.0,317.16131591796875,-105.28327941894531,-64.32597351074219,-0.4850788712501526,-0.1378939002752304,-0.024359136819839478,0.5294070243835449,-0.04649670049548149,-0.7549399137496948
4.1035,2.023672103881836,-0.7602606415748596,-10.113543510437012,0.3705888092517853,3.676950693130493,-4.189095973968506,153.46804809570312,-14.369086265563965,41.51139831542969,0.0,3.8058650493621826,-0.32022911310195923,0.23739218711853027,-0.23841281235218048,0.00891667976975441,0.01620601676404476,-1.002454161643982,0.0,0.0,0.0,0.0,317.16131591796875,-105.28327941894531,-64.32597351074219,0.44765210151672363,-1.3446954488754272,0.18051403760910034,1.0667673349380493,0.7912762761116028,-0.8716424107551575
4.1146,2.027322292327881,-0.7232531309127808,-10.155498504638672,0.3622837960720062,3.7170674800872803,-4.208250045776367,153.46804809570312,-14.369086265563965,41.51139831542969,0.0,3.8058650493621826,-0.32022911310195923,0.23739218711853027,-0.23841281235218048,0.00891667976975441,0.01620601676404476,-1.002454161643982,0.0,0.0,0.0,0.0,317.16131591796875,-105.28327941894531,-64.32597351074219,-0.23254844546318054,0.0007018744945526123,-1.2175198793411255,-2.711763858795166,1.696079134941101,0.7707116007804871
4.1228,2.030888557434082,-0.6858433485031128,-10.197644233703613,0.3538370728492737,3.7573773860931396,-4.22740364074707,153.46804809570312,-14.369086265563965,41.51139831542969,0.0,3.8058650493621826,-0.32022911310195923,0.23739218711853027,-0.23841281235218048,0.00891667976975441,0.01620601676404476,-1.002454161643982,0.0,0.0,0.0,0.0,317.16131591796875,-105.28327941894531,-64.32597351074219,-2.0575263500213623,0.8352233171463013,-2.197885036468506,1.7071160078048706,-1.367767333984375,1.484424352645874
4.1336,2.034369468688965,-0.6480305194854736,-10.239981651306152,0.3452259600162506,3.7976322174072266,-4.246660232543945,152.93148803710938,-14.54842472076416,41.395713806152344,0.0,3.8058650493621826,0.0331883504986763,-0.203039288520813,0.02890758402645588,0.007655075751245022,0.01670333743095398,-1.004218578338623,0.0,0.0,0.0,0.0,317.16131591796875,-105.28327941894531,-64.32597351074219,-0.47860583662986755,-0.926468014717102,1.0838682651519775,0.03271107375621796,0.44456180930137634,-0.24471424520015717
4.1435,2.037763833999634,-0.6098150014877319,-10.282511711120605,0.33651626110076904,3.8378939628601074,-4.266042232513428,152.93148803710938,-14.54842472076416,41.395713806152344,0.0,3.8058650493621826,0.0331883504986763,-0.203039288520813,0.02890758402645588,0.007655075751245022,0.01670333743095398,-1.004218578338623,0.0,0.0,0.0,0.0,317.16131591796875,-105.28327941894531,-64.32597351074219,0.9375975728034973,0.6301402449607849,-1.1414902210235596,0.37496766448020935,-0.3193345367908478,0.3057639002799988
4.1526,2.0410709381103516,-0.5711951851844788,-10.325237274169922,0.32781410217285156,3.8784549236297607,-4.28572940826416,152.93148803710938,-14.54842472076416,41.395713806152344,0.0,3.8058650493621826,0.0331883504986763,-0.203039288520813,0.02890758402645588,0.007655075751245022,0.01670333743095398,-1.004218578338623,0.0,0.0,0.0,0.0,317.16131591796875,-105.28327941894531,-64.32597351074219,0.8407595157623291,0.7855150103569031,-0.9768054485321045,-1.5687562227249146,-0.035530418157577515,-0.375229150056839
4.1624,2.044290542602539,-0.5321692824363708,-10.368160247802734,0.31902921199798584,3.9190759658813477,-4.30564022064209,152.93148803710938,-14.54842472076416,41.395713806152344,0.0,3.8058650493621826,0.0331883504986763,-0.203039288520813,0.02890758402645588,0.007655075751245022,0.01670333743095398,-1.004218578338623,0.0,0.0,0.0,0.0,317.16131591796875,-105.28327941894531,-64.32597351074219,0.7620077133178711,1.1951004266738892,1.7491521835327148,-0.15899305045604706,-2.0207645893096924,-0.2530626654624939
4.1735,2.047422409057617,-0.492737352848053,-10.411282539367676,0.3102758526802063,3.959622859954834,-4.325717926025391,152.93148803710938,-14.54842472076416,41.395713806152344,0.0,3.8058650493621826,0.0331883504986763,-0.203039288520813,0.02890758402645588,0.007655075751245022,0.01670333743095398,-1.004218578338623,0.0,0.0,0.0,0.0,317.16131591796875,-105.28327941894531,-64.32597351074219,-1.8191219568252563,1.233192801475525,-0.05452124774456024,-0.12115481495857239,-1.4888529777526855,0.11263950169086456
4.1835,2.050466299057007,-0.45289838314056396,-10.454607009887695,0.30145934224128723,4.000447750091553,-4.3460869789123535,152.3987274169922,-14.726261138916016,41.2781982421875,0.0,3.8058650493621826,0.013102562166750431,-0.18875153362751007,-0.07438725978136063,0.009857550263404846,0.014371356926858425,-1.0017298460006714,0.0,0.0,0.0,0.0,317.16131591796875,-105.28327941894531,-64.32597351074219,1.1974903345108032,-1.1148875951766968,-0.9059268832206726,0.14563101530075073,-0.3877940773963928,1.0031487941741943
4.1925,2.05342173576355,-0.412650465965271,-10.498135566711426,0.29256659746170044,4.041378021240234,-4.366675853729248,152.3987274169922,-14.726261138916016,41.2781982421875,0.0,3.8058650493621826,0.013102562166750431,-0.18875153362751007,-0.07438725978136063,0.009857550263404846,0.014371356926858425,-1.0017298460006714,0.0,0.0,0.0,0.0,317.16131591796875,-105.28327941894531,-64.32597351074219,-0.010481610894203186,-1.323042392730713,0.9289754629135132,-1.0164517164230347,0.3267386853694916,-0.3886762857437134
4.2025,2.0562868118286133,-0.3719923198223114,-10.5418701171875,0.2834272086620331,4.082463264465332,-4.387364864349365,152.3987274169922,-14.726261138916016,41.2781982421875,0.0,3.8058650493621826,0.013102562166750431,-0.18875153362751007,-0.07438725978136063,0.009857550263404846,0.014371356926858425,-1.0017298460006714,0.0,0.0,0.0,0.0,317.16131591796875,-105.28327941894531,-64.32597351074219,-0.8876962065696716,-2.1328535079956055,-1.5096595287322998,0.0272775050252676,1.3429256677627563,-0.7898238897323608
4.2125,2.0590600967407227,-0.33092349767684937,-10.585811614990234,0.274213969707489,4.123477458953857,-4.408098220825195,152.3987274169922,-14.726261138916016,41.2781982421875,0.0,3.8058650493621826,0.013102562166750431,-0.18875153362751007,-0.07438725978136063,0.009857550263404846,0.014371356926858425,-1.0017298460006714,0.0,0.0,0.0,0.0,317.16131591796875,-105.28327941894531,-64.32597351074219,-0.7690225839614868,0.7801365852355957,-0.3881185054779053,-1.7677297592163086,0.6897507309913635,0.10287822037935257
4.2225,2.0617423057556152,-0.2894444465637207,-10.629961013793945,0.26520222425460815,4.164472579956055,-4.42908239364624,152.3987274169922,-14.726261138916016,41.2781982421875,0.0,3.8058650493621826,0.013102562166750431,-0.18875153362751007,-0.07438725978136063,0.009857550263404846,0.014371356926858425,-1.0017298460006714,0.0,0.0,0.0,0.0,317.16131591796875,-105.28327941894531,-64.32597351074219,-0.8020620346069336,-0.8125127553939819,-1.5255050659179688,2.392329454421997,-1.2891813516616821,1.8230035305023193
4.2325,2.06433367729187,-0.2475537806749344,-10.674321174621582,0.25607356429100037,4.205763339996338,-4.450234413146973,151.8600616455078,-14.904532432556152,41.15882110595703,0.0,3.8058650493621826,0.39904865622520447,0.14884711802005768,0.03142391890287399,0.00886286236345768,0.014660829678177834,-1.0027587413787842,0.0,0.0,0.0,0.0,317.16131591796875,-105.28327941894531,-64.32597351074219,-0.38104578852653503,-0.6409194469451904,-0.5995587706565857,0.5539171099662781,1.2148553133010864,1.294935703277588
4.2425,2.066833019256592,-0.20524778962135315,-10.718893051147461,0.24678856134414673,4.247498989105225,-4.471496105194092,151.8600616455078,-14.904532432556152,41.15882110595703,0.0,3.8058650493621826,0.39904865622520447,0.14884711802005768,0.03142391890287399,0.00886286236345768,0.014660829678177834,-1.0027587413787842,0.0,0.0,0.0,0.0,317.16131591796875,-105.28327941894531,-64.32597351074219,-0.47684723138809204,-1.1508421897888184,-0.9459531307220459,0.7876170873641968,0.32735612988471985,0.1367865949869156
4.2526,2.0692389011383057,-0.16252471506595612,-10.763677597045898,0.23738522827625275,4.2891459465026855,-4.492823123931885,151.8600616455078,-14.904532432556152,41.15882110595703,0.0,3.8058650493621826,0.39904865622520447,0.14884711802005768,0.03142391890287399,0.00886286236345768,0.014660829678177834,-1.0027587413787842,0.0,0.0,0.0,0.0,317.16131591796875,-105.28327941894531,-64.32597351074219,0.22625192999839783,0.43263158202171326,-1.2676492929458618,-0.3072822391986847,-0.4072636067867279,1.4607857465744019
4.2625,2.0715503692626953,-0.11938513815402985,-10.808676719665527,0.2279495894908905,4.33076286315918,-4.5144944190979,151.8600616455078,-14.904532432556152,41.15882110595703,0.0,3.8058650493621826,0.39904865622520447,0.14884711802005768,0.03142391890287399,0.00886286236345768,0.014660829678177834,-1.0027587413787842,0.0,0.0,0.0,0.0,317.16131591796875,-105.28327941894531,-64.32597351074219,-0.7506941556930542,-0.231919527053833,-0.5079403519630432,0.676154375076294,-0.7290868759155273,-0.10750017315149307
4.2734,2.0737667083740234,-0.07582889497280121,-10.853893280029297,0.21834233403205872,4.372438430786133,-4.536475658416748,151.8600616455078,-14.904532432556152,41.15882110595703,0.0,3.8058650493621826,0.39904865622520447,0.14884711802005768,0.03142391890287399,0.00886286236345768,0.014660829678177834,-1.0027587413787842,0.0,0.0,0.0,0.0,317.16131591796875,-105.28327941894531,-64.32597351074219,-2.1491618156433105,-0.7225682139396667,-0.29925864934921265,0.6976075768470764,-0.5307788848876953,-0.266418993473053
4.2825,2.0758864879608154,-0.031854912638664246,-10.89932918548584,0.20867376029491425,4.414275169372559,-4.558492183685303,151.32699584960938,-15.077735900878906,41.03702926635742,0.0,3.8058650493621826,0.07665154337882996,0.4922572374343872,0.0869530588388443,0.00616853591054678,0.014859605580568314,-1.0040762424468994,0.0,0.0,0.0,0.0,317.16131591796875,-105.28327941894531,-64.32597351074219,-1.5285522937774658,1.6185418367385864,0.013962775468826294,1.630686640739441,0.49282315373420715,0.9047708511352539
4.2926,2.0779106616973877,0.012538570910692215,-10.944984436035156,0.1992083489894867,4.456302165985107,-4.5803141593933105,151.32699584960938,-15.077735900878906,41.03702926635742,0.0,3.8058650493621826,0.07665154337882996,0.4922572374343872,0.0869530588388443,0.00616853591054678,0.014859605580568314,-1.0040762424468994,0.0,0.0,0.0,0.0,317.16131591796875,-105.28327941894531,-64.32597351074219,-0.12672972679138184,1.106618046760559,0.711998462677002,0.5989859104156494,-1.666437029838562,-0.1627385914325714
4.3026,2.0798399448394775,0.0573529377579689,-10.990859031677246,0.18971019983291626,4.498414993286133,-4.602414608001709,151.32699584960938,-15.077735900878906,41.03702926635742,0.0,3.8058650493621826,0.07665154337882996,0.4922572374343872,0.0869530588388443,0.00616853591054678,0.014859605580568314,-1.0040762424468994,0.0,0.0,0.0,0.0,317.16131591796875,-105.28327941894531,-64.32597351074219,0.6091368198394775,-0.01081770472228527,0.5979462265968323,-0.6499379873275757,0.02965237759053707,-0.9541741609573364
4.3128,2.081674575805664,0.10258899629116058,-11.036956787109375,0.18029014766216278,4.540600776672363,-4.624980926513672,151.32699584960938,-15.077735900878906,41.03702926635742,0.0,3.8058650493621826,0.07665154337882996,0.4922572374343872,0.0869530588388443,0.00616853591054678,0.014859605580568314,-1.0040762424468994,0.0,0.0,0.0,0.0,317.16131591796875,-105.28327941894531,-64.32597351074219,-1.979767084121704,1.5449864864349365,0.5669164061546326,2.3627521991729736,-2.498450994491577,-0.4474022090435028
4.3225,2.083414316177368,0.14824768900871277,-11.083280563354492,0.17078323662281036,4.582901954650879,-4.647790908813477,151.32699584960938,-15.077735900878906,41.03702926635742,0.0,3.8058650493621826,0.07665154337882996,0.4922572374343872,0.0869530588388443,0.00616853591054678,0.014859605580568314,-1.0040762424468994,0.0,0.0,0.0,0.0,317.16131591796875,-105.28327941894531,-64.32597351074219,-0.7967125773429871,-1.498531460762024,-1.0342917442321777,0.5915209054946899,0.802945077419281,1.0951834917068481
4.3325,2.0850582122802734,0.19432973861694336,-11.12983226776123,0.1611146330833435,4.625235557556152,-4.670721054077148,150.79598999023438,-15.247343063354492,40.91725540161133,0.0,3.8058650493621826,-0.16432423889636993,-0.07491552829742432,-0.07909686863422394,0.008981332182884216,0.016157241538167,-1.001212477684021,0.0,0.0,0.0,0.0,317.16131591796875,-105.28327941894531,-64.32597351074219,-0.06907537579536438,0.5006009936332703,-1.6585007905960083,-1.3278530836105347,-0.00020093283092137426,0.896182656288147
4.3426,2.0866055488586426,0.24083663523197174,-11.176613807678223,0.1515003889799118,4.667831897735596,-4.6937127113342285,150.79598999023438,-15.247343063354492,40.91725540161133,0.0,3.8058650493621826,-0.16432423889636993,-0.07491552829742432,-0.07909686863422394,0.008981332182884216,0.016157241538167,-1.001212477684021,0.0,0.0,0.0,0.0,317.16131591796875,-105.28327941894531,-64.32597351074219,-1.255424976348877,-0.3296864628791809,0.14335355162620544,1.2841731309890747,-0.2691304385662079,1.6621991395950317
4.3525,2.0880556106567383,0.2877696752548218,-11.223625183105469,0.1416814774274826,4.710427761077881,-4.716896057128906,150.79598999023438,-15.247343063354492,40.91725540161133,0.0,3.8058650493621826,-0.16432423889636993,-0.07491552829742432,-0.07909686863422394,0.008981332182884216,0.016157241538167,-1.001212477684021,0.0,0.0,0.0,0.0,317.16131591796875,-105.28327941894531,-64.32597351074219,-1.8083019256591797,0.2907671332359314,-0.46654146909713745,1.5846672058105469,1.446943759918213,-0.5380036234855652
4.3626,2.089406967163086,0.3351292610168457,-11.270870208740234,0.13174821436405182,4.7530975341796875,-4.7403717041015625,150.79598999023438,-15.247343063354492,40.91725540161133,0.0,3.8058650493621826,-0.16432423889636993,-0.07491552829742432,-0.07909686863422394,0.008981332182884216,0.016157241538167,-1.001212477684021,0.0,0.0,0.0,0.0,317.16131591796875,-105.28327941894531,-64.32597351074219,-0.06638872623443604,1.2762213945388794,-0.12973648309707642,1.2292917966842651,-2.2837843894958496,1.7395111322402954
4.3725,2.090658187866211,0.3829169273376465,-11.318350791931152,0.12165915966033936,4.7960004806518555,-4.764113903045654,150.79598999023438,-15.247343063354492,40.91725540161133,0.0,3.8058650493621826,-0.16432423889636993,-0.07491552829742432,-0.07909686863422394,0.008981332182884216,0.016157241538167,-1.001212477684021,0.0,0.0,0.0,0.0,317.16131591796875,-105.28327941894531,-64.32597351074219,-0.6175575256347656,0.8223646283149719,1.9199917316436768,0.7559479475021362,-0.7586483359336853,-0.33953025937080383
4.3825,2.091808795928955,0.43113479018211365,-11.366068840026855,0.1116294339299202,4.839098930358887,-4.7880377769470215,150.26234436035156,-15.420341491699219,40.789859771728516,0.0,3.8058650493621826,0.30356937646865845,-0.13215623795986176,-0.13695842027664185,0.009274429641664028,0.013246810995042324,-1.0012290477752686,0.0,0.0,0.0,0.0,317.16131591796875,-105.28327941894531,-64.32597351074219,-0.11463981866836548,-1.0000420808792114,1.6271731853485107,0.7459222674369812,-1.7263506650924683,-2.6742987632751465
4.3924,2.0928587913513184,0.4797837436199188,-11.414027214050293,0.10158894956111908,4.882179260253906,-4.812225341796875,150.26234436035156,-15.420341491699219,40.789859771728516,0.0,3.8058650493621826,0.30356937646865845,-0.13215623795986176,-0.13695842027664185,0.009274429641664028,0.013246810995042324,-1.0012290477752686,0.0,0.0,0.0,0.0,317.16131591796875,-105.28327941894531,-64.32597351074219,1.1358555555343628,0.5142111778259277,1.5532928705215454,-0.3482126295566559,-0.5064048171043396,-1.6306512355804443
4.4025,2.0938076972961426,0.5288652181625366,-11.462225914001465,0.09139712899923325,4.925567626953125,-4.836238861083984,150.26234436035156,-15.420341491699219,40.789859771728516,0.0,3.8058650493621826,0.30356937646865845,-0.13215623795986176,-0.13695842027664185,0.009274429641664028,0.013246810995042324,-1.0012290477752686,0.0,0.0,0.0,0.0,317.16131591796875,-105.28327941894531,-64.32597351074219,0.5754650235176086,-1.7718429565429688,-0.8838448524475098,0.6432135105133057,0.6227823495864868,0.799535870552063
4.4124,2.0946550369262695,0.5783812403678894,-11.510665893554688,0.08128318935632706,4.9690446853637695,-4.860496520996094,150.26234436035156,-15.420341491699219,40.789859771728516,0.0,3.8058650493621826,0.30356937646865845,-0.13215623795986176,-0.13695842027664185,0.009274429641664028,0.013246810995042324,-1.0012290477752686,0.0,0.0,0.0,0.0,317.16131591796875,-105.28327941894531,-64.32597351074219,0.19626985490322113,0.9951223134994507,-0.2813516855239868,-0.38362523913383484,2.301832914352417,-0.706704318523407
4.4226,2.095400333404541,0.6283314824104309,-11.55935001373291,0.07100658118724823,5.012363910675049,-4.885113716125488,150.26234436035156,-15.420341491699219,40.789859771728516,0.0,3.8058650493621826,0.30356937646865845,-0.13215623795986176,-0.13695842027664185,0.009274429641664028,0.013246810995042324,-1.0012290477752686,0.0,0.0,0.0,0.0,317.16131591796875,-105.28327941894531,-64.32597351074219,0.38856416940689087,-0.6386285424232483,-0.3520348370075226,-0.5278663635253906,-1.6646977663040161,1.000712275505066
4.4325,2.0960428714752197,0.6787161231040955,-11.608280181884766,0.060779426246881485,5.055881977081299,-4.909823894500732,149.72549438476562,-15.589365005493164,40.66572952270508,0.0,3.8058650493621826,0.2321508824825287,-0.145080104470253,-0.09116686135530472,0.009018595330417156,0.01624579355120659,-1.0038373470306396,0.0,0.0,0.0,0.0,317.16131591796875,-105.28327941894531,-64.32597351074219,0.7063673734664917,1.0800050497055054,1.9720813035964966,0.1675877571105957,-0.1534111648797989,-2.129016876220703
4.4426,2.0965840816497803,0.7295361757278442,-11.65745735168457,0.05074251815676689,5.099402904510498,-4.934569835662842,149.72549438476562,-15.589365005493164,40.66572952270508,0.0,3.8058650493621826,0.2321508824825287,-0.145080104470253,-0.09116686135530472,0.009018595330417156,0.01624579355120659,-1.0038373470306396,0.0,0.0,0.0,0.0,317.16131591796875,-105.28327941894531,-64.32597351074219,-0.43332672119140625,2.005689859390259,-0.8170047402381897,-0.7765278816223145,-1.5999473333358765,-0.035009343177080154
4.4527,2.0970239639282227,0.780791699886322,-11.70688247680664,0.04052736982703209,5.142941951751709,-4.959475994110107,149.72549438476562,-15.589365005493164,40.66572952270508,0.0,3.8058650493621826,0.2321508824825287,-0.145080104470253,-0.09116686135530472,0.009018595330417156,0.01624579355120659,-1.0038373470306396,0.0,0.0,0.0,0.0,317.16131591796875,-105.28327941894531,-64.32597351074219,2.6961469650268555,-0.5706440806388855,0.5738264322280884,-1.265708088874817,0.5793487429618835,0.6295363903045654
4.4626,2.0973610877990723,0.8324822783470154,-11.75655746459961,0.03018387220799923,5.186371803283691,-4.984674453735352,149.72549438476562,-15.589365005493164,40.66572952270508,0.0,3.8058650493621826,0.2321508824825287,-0.145080104470253,-0.09116686135530472,0.009018595330417156,0.01624579355120659,-1.0038373470306396,0.0,0.0,0.0,0.0,317.16131591796875,-105.28327941894531,-64.32597351074219,1.2073931694030762,-0.11335887014865875,-0.5539199113845825,-3.2485692501068115,-0.35412538051605225,-0.2996048927307129
4.4724,2.0975937843322754,0.8846095204353333,-11.80648422241211,0.01969277486205101,5.230224609375,-5.0099639892578125,149.72549438476562,-15.589365005493164,40.66572952270508,0.0,3.8058650493621826,0.2321508824825287,-0.145080104470253,-0.09116686135530472,0.009018595330417156,0.01624579355120659,-1.0038373470306396,0.0,0.0,0.0,0.0,317.16131591796875,-105.28327941894531,-64.32597351074219,-0.403423547744751,1.0988502502441406,0.31818512082099915,-0.08004111796617508,-1.990858793258667,-0.8532432913780212
4.4835,2.0977210998535156,0.9371757507324219,-11.856664657592773,0.009109466336667538,5.274127006530762,-5.035451412200928,149.1885986328125,-15.764120101928711,40.534812927246094,0.0,3.8058650493621826,-0.051938124001026154,-0.14784961938858032,-0.20088012516498566,0.006251869723200798,0.013930815272033215,-1.002068281173706,0.0,0.0,0.0,0.0,317.16131591796875,-105.28327941894531,-64.32597351074219,-2.8852508068084717,-0.934370756149292,0.17242351174354553,0.811421275138855,0.41639578342437744,0.540216863155365
4.4926,2.097743034362793,0.9901820421218872,-11.90710163116455,-0.001388691016472876,5.3181986808776855,-5.061256408691406,149.1885986328125,-15.764120101928711,40.534812927246094,0.0,3.8058650493621826,-0.051938124001026154,-0.14784961938858032,-0.20088012516498566,0.006251869723200798,0.013930815272033215,-1.002068281173706,0.0,0.0,0.0,0.0,317.16131591796875,-105.28327941894531,-64.32597351074219,-0.8324494957923889,2.0177578926086426,-0.8115978240966797,1.6277714967727661,1.1558362245559692,-0.701560378074646
4.5026,2.0976603031158447,1.0436303615570068,-11.957795143127441,-0.011783173307776451,5.362481117248535,-5.086972236633301,149.1885986328125,-15.764120101928711,40.534812927246094,0.0,3.8058650493621826,-0.051938124001026154,-0.14784961938858032,-0.20088012516498566,0.006251869723200798,0.013930815272033215,-1.002068281173706,0.0,0.0,0.0,0.0,317.16131591796875,-105.28327941894531,-64.32597351074219,1.1572308540344238,0.9227259159088135,1.810359239578247,-0.39855656027793884,-2.430516004562378,0.4045630097389221
4.5129,2.097472906112671,1.097521424293518,-12.008747100830078,-0.02231987938284874,5.406707763671875,-5.1130146980285645,149.1885986328125,-15.764120101928711,40.534812927246094,0.0,3.8058650493621826,-0.051938124001026154,-0.14784961938858032,-0.20088012516498566,0.006251869723200798,0.013930815272033215,-1.002068281173706,0.0,0.0,0.0,0.0,317.16131591796875,-105.28327941894531,-64.32597351074219,-0.8251304030418396,-0.18115845322608948,-1.3576374053955078,0.08674151450395584,-0.6162486672401428,0.8725329041481018
4.5226,2.097180128097534,1.1518545150756836,-12.059961318969727,-0.03285852447152138,5.450833797454834,-5.139413833618164,149.1885986328125,-15.764120101928711,40.534812927246094,0.0,3.8058650493621826,-0.051938124001026154,-0.14784961938858032,-0.20088012516498566,0.006251869723200798,0.013930815272033215,-1.002068281173706,0.0,0.0,0.0,0.0,317.16131591796875,-105.28327941894531,-64.32597351074219,-0.3650660812854767,1.274125576019287,1.3797866106033325,1.5124609470367432,-0.3669499158859253,0.5493969321250916
4.5335,2.0967812538146973,1.2066301107406616,-12.111438751220703,-0.043497294187545776,5.495171546936035,-5.1657185554504395,148.6561737060547,-15.930763244628906,40.41004943847656,0.0,3.8058650493621826,-0.09101113677024841,-0.3382208049297333,-0.03569146990776062,0.007282831706106663,0.01606639102101326,-1.005592942237854,0.0,0.0,0.0,0.0,317.16131591796875,-105.28327941894531,-64.32597351074219,1.2026915550231934,-0.010835409164428711,-2.2733850479125977,-0.5441319346427917,-1.728629231452942,0.4558746814727783
4.5425,2.0962753295898438,1.2618510723114014,-12.163179397583008,-0.0542907640337944,5.539862632751465,-5.192228317260742,148.6561737060547,-15.930763244628906,40.41004943847656,0.0,3.8058650493621826,-0.09101113677024841,-0.3382208049297333,-0.03569146990776062,0.007282831706106663,0.01606639102101326,-1.005592942237854,0.0,0.0,0.0,0.0,317.16131591796875,-105.28327941894531,-64.32597351074219,1.594268798828125,-0.07730405032634735,0.4360085129737854,-0.7822157144546509,0.9374800324440002,0.975897490978241
4.5525,2.095661163330078,1.317518711090088,-12.21518611907959,-0.0651126578450203,5.584454536437988,-5.219010829925537,148.6561737060547,-15.930763244628906,40.41004943847656,0.0,3.8058650493621826,-0.09101113677024841,-0.3382208049297333,-0.03569146990776062,0.007282831706106663,0.01606639102101326,-1.005592942237854,0.0,0.0,0.0,0.0,317.16131591796875,-105.28327941894531,-64.32597351074219,-1.4533804655075073,1.0726230144500732,0.8209208250045776,1.1820024251937866,-0.663255512714386,-0.47696298360824585
4.5624,2.0949387550354004,1.3736330270767212,-12.267460823059082,-0.0759030282497406,5.629154205322266,-5.245986461639404,148.6561737060547,-15.930763244628906,40.41004943847656,0.0,3.8058650493621826,-0.09101113677024841,-0.3382208049297333,-0.03569146990776062,0.007282831706106663,0.01606639102101326,-1.005592942237854,0.0,0.0,0.0,0.0,317.16131591796875,-105.28327941894531,-64.32597351074219,-0.6994628310203552,-0.18233951926231384,-2.086944341659546,0.11038756370544434,-1.1880648136138916,-0.5223909020423889
4.5726,2.094109296798706,1.4301952123641968,-12.320006370544434,-0.0865117534995079,5.673994064331055,-5.273220539093018,148.6561737060547,-15.930763244628906,40.41004943847656,0.0,3.8058650493621826,-0.09101113677024841,-0.3382208049297333,-0.03569146990776062,0.007282831706106663,0.01606639102101326,-1.005592942237854,0.0,0.0,0.0,0.0,317.16131591796875,-105.28327941894531,-64.32597351074219,-1.5986992120742798,-1.6841226816177368,-0.8819202184677124,0.7682507634162903,1.4948899745941162,1.0610387325286865
4.5825,2.0931732654571533,1.487206220626831,-12.372825622558594,-0.09721929579973221,5.718866348266602,-5.30071496963501,148.118408203125,-16.0974063873291,40.278499603271484,0.0,3.8058650493621826,0.26605358719825745,0.051298581063747406,0.09985239803791046,0.008504203520715237,0.0173304695636034,-1.0009294748306274,0.0,0.0,0.0,0.0,317.16131591796875,-105.28327941894531,-64.32597351074219,-1.8558204174041748,-0.543079137802124,0.274240642786026,2.8418140411376953,0.9687934517860413,0.40652215480804443
4.5925,2.0921292304992676,1.5446666479110718,-12.425919532775879,-0.10807599127292633,5.763833045959473,-5.328391075134277,148.118408203125,-16.0974063873291,40.278499603271484,0.0,3.8058650493621826,0.26605358719825745,0.051298581063747406,0.09985239803791046,0.008504203520715237,0.0173304695636034,-1.0009294748306274,0.0,0.0,0.0,0.0,317.16131591796875,-105.28327941894531,-64.32597351074219,-0.13258925080299377,-1.5433112382888794,0.1640430986881256,1.1314799785614014,0.4488622844219208,0.10679394006729126
4.6025,2.090975284576416,1.6025781631469727,-12.479290962219238,-0.11921656131744385,5.809043884277344,-5.356255531311035,148.118408203125,-16.0974063873291,40.278499603271484,0.0,3.8058650493621826,0.26605358719825745,0.051298581063747406,0.09985239803791046,0.008504203520715237,0.0173304695636034,-1.0009294748306274,0.0,0.0,0.0,0.0,317.16131591796875,-105.28327941894531,-64.32597351074219,-0.6765841841697693,0.8394924998283386,0.1729852557182312,-1.4130467176437378,-0.27041274309158325,-0.7492998242378235
4.6126,2.089710235595703,1.6609416007995605,-12.532940864562988,-0.1302800476551056,5.85415506362915,-5.384087562561035,148.118408203125,-16.0974063873291,40.278499603271484,0.0,3.8058650493621826,0.26605358719825745,0.051298581063747406,0.09985239803791046,0.008504203520715237,0.0173304695636034,-1.0009294748306274,0.0,0.0,0.0,0.0,317.16131591796875,-105.28327941894531,-64.32597351074219,2.389810562133789,1.0227288007736206,0.17182694375514984,-0.06981449574232101,0.7042655944824219,0.631918728351593
4.6224,2.088334321975708,1.7197558879852295,-12.586870193481445,-0.141361266374588,5.899181842803955,-5.412242889404297,148.118408203125,-16.0974063873291,40.278499603271484,0.0,3.8058650493621826,0.26605358719825745,0.051298581063747406,0.09985239803791046,0.008504203520715237,0.0173304695636034,-1.0009294748306274,0.0,0.0,0.0,0.0,317.16131591796875,-105.28327941894531,-64.32597351074219,0.7812144160270691,0.4658067226409912,-1.751318335533142,-1.0226166248321533,0.09863939136266708,1.5146594047546387
4.6327,2.0868475437164307,1.7790215015411377,-12.641081809997559,-0.15244002640247345,5.944365501403809,-5.440691947937012,147.58145141601562,-16.2667236328125,40.14228820800781,0.0,3.8058650493621826,0.08270595967769623,-0.24753062427043915,-0.1769629269838333,0.007787500508129597,0.015348979271948338,-1.00149405002594,0.0,0.0,0.0,0.0,317.16131591796875,-105.28327941894531,-64.32597351074219,0.8476465940475464,1.4933981895446777,-0.7648292779922485,-0.5621109008789062,-1.9386118650436401,0.030717723071575165
4.6425,2.085249185562134,1.838740587234497,-12.695578575134277,-0.16367389261722565,5.989821434020996,-5.469335556030273,147.58145141601562,-16.2667236328125,40.14228820800781,0.0,3.8058650493621826,0.08270595967769623,-0.24753062427043915,-0.1769629269838333,0.007787500508129597,0.015348979271948338,-1.00149405002594,0.0,0.0,0.0,0.0,317.16131591796875,-105.28327941894531,-64.32597351074219,-1.0035765171051025,-0.9513402581214905,-0.781653881072998,-0.8146008253097534,-0.9053971767425537,1.0352582931518555
4.6525,2.083538055419922,1.8989145755767822,-12.750362396240234,-0.17495958507061005,6.035309314727783,-5.498166084289551,147.58145141601562,-16.2667236328125,40.14228820800781,0.0,3.8058650493621826,0.08270595967769623,-0.24753062427043915,-0.1769629269838333,0.007787500508129597,0.015348979271948338,-1.00149405002594,0.0,0.0,0.0,0.0,317.16131591796875,-105.28327941894531,-64.32597351074219,-1.4623069763183594,-0.246745765209198,-0.47482216358184814,0.9713274836540222,1.6148462295532227,-0.5820940136909485
4.6635,2.081713914871216,1.9595450162887573,-12.805435180664062,-0.18626375496387482,6.08106803894043,-5.527170658111572,147.58145141601562,-16.2667236328125,40.14228820800781,0.0,3.8058650493621826,0.08270595967769623,-0.24753062427043915,-0.1769629269838333,0.007787500508129597,0.015348979271948338,-1.00149405002594,0.0,0.0,0.0,0.0,317.16131591796875,-105.28327941894531,-64.32597351074219,-0.9337621927261353,-0.0033081471920013428,3.07779860496521,-0.14559295773506165,-0.03612693026661873,-2.66003680229187
4.6724,2.0797765254974365,2.0206334590911865,-12.860798835754395,-0.19759416580200195,6.126863956451416,-5.5564656257629395,147.58145141601562,-16.2667236328125,40.14228820800781,0.0,3.8058650493621826,0.08270595967769623,-0.24753062427043915,-0.1769629269838333,0.007787500508129597,0.015348979271948338,-1.00149405002594,0.0,0.0,0.0,0.0,317.16131591796875,-105.28327941894531,-64.32597351074219,-0.5685760378837585,-1.4714363813400269,0.6171129941940308,0.742111325263977,2.6545543670654297,-0.4760073125362396
4.6825,2.077725887298584,2.0821800231933594,-12.916454315185547,-0.20888744294643402,6.172613620758057,-5.585604667663574,147.0440673828125,-16.43644905090332,40.00748062133789,0.0,3.8058650493621826,0.17938631772994995,-0.14035063982009888,0.051206059753894806,0.0058728051371872425,0.01751650683581829,-1.0043208599090576,0.0,0.0,0.0,0.0,317.16131591796875,-105.28327941894531,-64.32597351074219,-0.2536343038082123,-1.1334964036941528,-0.31063082814216614,1.0287742614746094,0.3869025707244873,0.3368593454360962
4.6926,2.075562000274658,2.14418363571167,-12.97240161895752,-0.2202165126800537,6.2182536125183105,-5.614932537078857,147.0440673828125,-16.43644905090332,40.00748062133789,0.0,3.8058650493621826,0.17938631772994995,-0.14035063982009888,0.051206059753894806,0.0058728051371872425,0.01751650683581829,-1.0043208599090576,0.0,0.0,0.0,0.0,317.16131591796875,-105.28327941894531,-64.32597351074219,0.5940378308296204,0.2699359059333801,1.4096341133117676,-0.41823214292526245,2.4650566577911377,0.17560319602489471
4.7025,2.073284149169922,2.2066454887390137,-13.028643608093262,-0.23166495561599731,6.264174461364746,-5.644647121429443,147.0440673828125,-16.43644905090332,40.00748062133789,0.0,3.8058650493621826,0.17938631772994995,-0.14035063982009888,0.051206059753894806,0.0058728051371872425,0.01751650683581829,-1.0043208599090576,0.0,0.0,0.0,0.0,317.16131591796875,-105.28327941894531,-64.32597351074219,-1.7162425518035889,0.48495087027549744,0.595798909664154,0.9051802754402161,-0.40028417110443115,-0.9835978746414185
4.7125,2.0708906650543213,2.2695677280426025,-13.085184097290039,-0.2433270961046219,6.310303211212158,-5.674750328063965,147.0440673828125,-16.43644905090332,40.00748062133789,0.0,3.8058650493621826,0.17938631772994995,-0.14035063982009888,0.051206059753894806,0.0058728051371872425,0.01751650683581829,-1.0043208599090576,0.0,0.0,0.0,0.0,317.16131591796875,-105.28327941894531,-64.32597351074219,0.4595927596092224,-0.2534630000591278,-0.660170316696167,0.9241001009941101,0.006678571924567223,1.0228009223937988
4.7225,2.0683815479278564,2.3329520225524902,-13.142026901245117,-0.25476330518722534,6.356534004211426,-5.705063819885254,147.0440673828125,-16.43644905090332,40.00748062133789,0.0,3.8058650493621826,0.17938631772994995,-0.14035063982009888,0.051206059753894806,0.0058728051371872425,0.01751650683581829,-1.0043208599090576,0.0,0.0,0.0,0.0,317.16131591796875,-105.28327941894531,-64.32597351074219,0.3279356062412262,0.3748895525932312,1.2061477899551392,-0.3654046356678009,-0.6031535863876343,0.2669619619846344
4.7325,2.065758228302002,2.396798849105835,-13.199172973632812,-0.2661738693714142,6.402750492095947,-5.735544204711914,146.50564575195312,-16.598861694335938,39.87199783325195,0.0,3.8058650493621826,0.2490352988243103,0.31682080030441284,-0.15155360102653503,0.0074640256352722645,0.016474759206175804,-1.001179575920105,0.0,0.0,0.0,0.0,317.16131591796875,-105.28327941894531,-64.32597351074219,1.6387097835540771,0.6457478404045105,-0.7223121523857117,-0.9409410953521729,0.7867556810379028,-0.608336329460144
4.7427,2.0630202293395996,2.4611074924468994,-13.256623268127441,-0.27767035365104675,6.448843002319336,-5.766066074371338,146.50564575195312,-16.598861694335938,39.87199783325195,0.0,3.8058650493621826,0.2490352988243103,0.31682080030441284,-0.15155360102653503,0.0074640256352722645,0.016474759206175804,-1.001179575920105,0.0,0.0,0.0,0.0,317.16131591796875,-105.28327941894531,-64.32597351074219,-1.3773353099822998,0.17201052606105804,-0.6495651006698608,-0.9061858654022217,-1.0789958238601685,-0.44573187828063965
4.7514,2.0601673126220703,2.525878667831421,-13.314379692077637,-0.2891429364681244,6.495212554931641,-5.79678201675415,146.50564575195312,-16.598861694335938,39.87199783325195,0.0,3.8058650493621826,0.2490352988243103,0.31682080030441284,-0.15155360102653503,0.0074640256352722645,0.016474759206175804,-1.001179575920105,0.0,0.0,0.0,0.0,317.16131591796875,-105.28327941894531,-64.32597351074219,-1.765122413635254,-0.8199729919433594,-0.3752423822879791,1.7201354503631592,0.7274505496025085,0.9735754728317261
4.7625,2.057199001312256,2.5911145210266113,-13.372444152832031,-0.3007529675960541,6.541718006134033,-5.827852725982666,146.50564575195312,-16.598861694335938,39.87199783325195,0.0,3.8058650493621826,0.2490352988243103,0.31682080030441284,-0.15155360102653503,0.0074640256352722645,0.016474759206175804,-1.001179575920105,0.0,0.0,0.0,0.0,317.16131591796875,-105.28327941894531,-64.32597351074219,0.4910942316055298,0.4106684923171997,0.585152268409729,0.2617020905017853,-1.1179107427597046,-1.120826244354248
4.7725,2.0541136264801025,2.6568171977996826,-13.430821418762207,-0.31251856684684753,6.588524341583252,-5.859294414520264,146.50564575195312,-16.598861694335938,39.87199783325195,0.0,3.8058650493621826,0.2490352988243103,0.31682080030441284,-0.15155360102653503,0.0074640256352722645,0.016474759206175804,-1.001179575920105,0.0,0.0,0.0,0.0,317.16131591796875,-105.28327941894531,-64.32597351074219,0.5093405842781067,1.155095100402832,0.8727349042892456,0.061039283871650696,-0.7043924927711487,-0.9665737152099609
4.7825,2.050910711288452,2.7229881286621094,-13.48951244354248,-0.32423144578933716,6.635315418243408,-5.890708923339844,145.96755981445312,-16.75920295715332,39.73426055908203,0.0,3.8058650493621826,0.1240713819861412,-0.4514843821525574,-0.12050164490938187,0.008264884352684021,0.014942379668354988,-1.0031087398529053,0.0,0.0,0.0,0.0,317.16131591796875,-105.28327941894531,-64.32597351074219,-3.0566225051879883,-1.3167012929916382,0.7471375465393066,1.355819821357727,-0.24777328968048096,-1.1304655075073242
4.7927,2.0475893020629883,2.7896273136138916,-13.548517227172852,-0.33619678020477295,6.682129859924316,-5.922247886657715,145.96755981445312,-16.75920295715332,39.73426055908203,0.0,3.8058650493621826,0.1240713819861412,-0.4514843821525574,-0.12050164490938187,0.008264884352684021,0.014942379668354988,-1.0031087398529053,0.0,0.0,0.0,0.0,317.16131591796875,-105.28327941894531,-64.32597351074219,-0.8635801076889038,0.4852432608604431,-0.10623179376125336,1.4605908393859863,-0.5520839095115662,0.7633066177368164
4.8026,2.0441479682922363,2.8567352294921875,-13.60783863067627,-0.34819096326828003,6.72904109954834,-5.95407772064209,145.96755981445312,-16.75920295715332,39.73426055908203,0.0,3.8058650493621826,0.1240713819861412,-0.4514843821525574,-0.12050164490938187,0.008264884352684021,0.014942379668354988,-1.0031087398529053,0.0,0.0,0.0,0.0,317.16131591796875,-105.28327941894531,-64.32597351074219,-0.690828263759613,-2.114741086959839,0.7674092054367065,1.6527940034866333,-0.21167133748531342,-0.7651216983795166
4.8125,2.040586471557617,2.9243133068084717,-13.667479515075684,-0.36020922660827637,6.776098251342773,-5.986141681671143,145.96755981445312,-16.75920295715332,39.73426055908203,0.0,3.8058650493621826,0.1240713819861412,-0.4514843821525574,-0.12050164490938187,0.008264884352684021,0.014942379668354988,-1.0031087398529053,0.0,0.0,0.0,0.0,317.16131591796875,-105.28327941894531,-64.32597351074219,2.8243322372436523,-0.536690354347229,-1.1936510801315308,-1.174888014793396,3.254432439804077,2.3013288974761963
4.8225,2.036905288696289,2.9923627376556396,-13.727441787719727,-0.37214788794517517,6.823231220245361,-6.018542766571045,145.96755981445312,-16.75920295715332,39.73426055908203,0.0,3.8058650493621826,0.1240713819861412,-0.4514843821525574,-0.12050164490938187,0.008264884352684021,0.014942379668354988,-1.0031087398529053,0.0,0.0,0.0,0.0,317.16131591796875,-105.28327941894531,-64.32597351074219,0.11935283243656158,-0.5170172452926636,0.6497195363044739,-1.6983294486999512,-0.42389538884162903,-1.4009428024291992
4.8327,2.03310489654541,3.0608839988708496,-13.787727355957031,-0.38403263688087463,6.870436668395996,-6.050955295562744,145.42857360839844,-16.927988052368164,39.59148406982422,0.0,3.8058650493621826,0.05823623761534691,0.14694027602672577,-0.07593432068824768,0.007970651611685753,0.015574864111840725,-1.003718376159668,0.0,0.0,0.0,0.0,317.16131591796875,-105.28327941894531,-64.32597351074219,0.07449718564748764,-0.4039098024368286,-0.0008132681250572205,-0.62607342004776,1.6084166765213013,-1.0016725063323975
4.8426,2.0291852951049805,3.129877805709839,-13.848337173461914,-0.3959691822528839,6.917682647705078,-6.083342552185059,145.42857360839844,-16.927988052368164,39.59148406982422,0.0,3.8058650493621826,0.05823623761534691,0.14694027602672577,-0.07593432068824768,0.007970651611685753,0.015574864111840725,-1.003718376159668,0.0,0.0,0.0,0.0,317.16131591796875,-105.28327941894531,-64.32597351074219,-0.7882355451583862,-2.502774953842163,1.2253766059875488,0.8924112319946289,0.2657214403152466,0.9810782074928284
4.8524,2.025146484375,3.1993443965911865,-13.909272193908691,-0.40785497426986694,6.964939117431641,-6.116099834442139,145.42857360839844,-16.927988052368164,39.59148406982422,0.0,3.8058650493621826,0.05823623761534691,0.14694027602672577,-0.07593432068824768,0.007970651611685753,0.015574864111840725,-1.003718376159668,0.0,0.0,0.0,0.0,317.16131591796875,-105.28327941894531,-64.32597351074219,-1.3427352905273438,-1.8910017013549805,-0.614449679851532,0.5655821561813354,3.3643219470977783,-1.0340226888656616
4.8626,2.0209872722625732,3.269284725189209,-13.970535278320312,-0.4199926555156708,7.012354850769043,-6.149176120758057,145.42857360839844,-16.927988052368164,39.59148406982422,0.0,3.8058650493621826,0.05823623761534691,0.14694027602672577,-0.07593432068824768,0.007970651611685753,0.015574864111840725,-1.003718376159668,0.0,0.0,0.0,0.0,317.16131591796875,-105.28327941894531,-64.32597351074219,-0.7597001791000366,-0.2956647276878357,0.31728631258010864,0.18226994574069977,1.076115369796753,0.5654824376106262
4.8725,2.0167057514190674,3.3396999835968018,-14.032130241394043,-0.4323330521583557,7.059903621673584,-6.182431697845459,145.42857360839844,-16.927988052368164,39.59148406982422,0.0,3.8058650493621826,0.05823623761534691,0.14694027602672577,-0.07593432068824768,0.007970651611685753,0.015574864111840725,-1.003718376159668,0.0,0.0,0.0,0.0,317.16131591796875,-105.28327941894531,-64.32597351074219,-0.1720304638147354,0.8621541857719421,0.6381241083145142,2.280695676803589,0.9661696553230286,0.4592300057411194
4.8824,2.012300729751587,3.4105913639068604,-14.0940580368042,-0.44463443756103516,7.107499122619629,-6.215824127197266,144.88734436035156,-17.087121963500977,39.450801849365234,0.0,3.8058650493621826,0.3517565131187439,-0.025218738242983818,-0.040205586701631546,0.008162576705217361,0.013993880711495876,-1.0022354125976562,0.0,0.0,0.0,0.0,317.16131591796875,-105.28327941894531,-64.32597351074219,-0.23882880806922913,0.07202592492103577,-1.9870468378067017,0.7059005498886108,-0.8350347280502319,0.197979137301445
4.8926,2.0077731609344482,3.481959342956543,-14.156320571899414,-0.4568709135055542,7.155184745788574,-6.249435901641846,144.88734436035156,-17.087121963500977,39.450801849365234,0.0,3.8058650493621826,0.3517565131187439,-0.025218738242983818,-0.040205586701631546,0.008162576705217361,0.013993880711495876,-1.0022354125976562,0.0,0.0,0.0,0.0,317.16131591796875,-105.28327941894531,-64.32597351074219,-0.9971562623977661,-0.37305957078933716,1.1478039026260376,0.8455025553703308,0.9376975297927856,0.6580869555473328
4.9026,2.0031230449676514,3.553804874420166,-14.21891975402832,-0.4690743088722229,7.202951431274414,-6.283311367034912,144.88734436035156,-17.087121963500977,39.450801849365234,0.0,3.8058650493621826,0.3517565131187439,-0.025218738242983818,-0.040205586701631546,0.008162576705217361,0.013993880711495876,-1.0022354125976562,0.0,0.0,0.0,0.0,317.16131591796875,-105.28327941894531,-64.32597351074219,0.21870668232440948,1.577632188796997,-1.7662897109985352,-0.3372499942779541,-1.1297608613967896,0.15585052967071533
4.9115,1.9983508586883545,3.6261279582977295,-14.281858444213867,-0.4812864065170288,7.2506256103515625,-6.31743049621582,144.88734436035156,-17.087121963500977,39.450801849365234,0.0,3.8058650493621826,0.3517565131187439,-0.025218738242983818,-0.040205586701631546,0.008162576705217361,0.013993880711495876,-1.0022354125976562,0.0,0.0,0.0,0.0,317.16131591796875,-105.28327941894531,-64.32597351074219,0.7218321561813354,-1.1090123653411865,-1.7446025609970093,-0.38341906666755676,-2.112534284591675,1.7690823078155518
4.9215,1.993456244468689,3.6989285945892334,-14.345138549804688,-0.4935319125652313,7.298427581787109,-6.3517584800720215,144.88734436035156,-17.087121963500977,39.450801849365234,0.0,3.8058650493621826,0.3517565131187439,-0.025218738242983818,-0.040205586701631546,0.008162576705217361,0.013993880711495876,-1.0022354125976562,0.0,0.0,0.0,0.0,317.16131591796875,-105.28327941894531,-64.32597351074219,-1.0901520252227783,-0.7953933477401733,0.4125593900680542,-1.4367536306381226,2.5319347381591797,0.2889809310436249
4.9325,1.9884395599365234,3.7722086906433105,-14.408761978149414,-0.5056815147399902,7.346416473388672,-6.3861985206604,144.3558807373047,-17.24274444580078,39.31009292602539,0.0,3.8058650493621826,-0.09979388862848282,-0.335837185382843,-0.0780484527349472,0.010853813029825687,0.0149015998467803,-1.0012233257293701,0.0,0.0,0.0,0.0,317.16131591796875,-105.28327941894531,-64.32597351074219,-0.6828858852386475,1.4152499437332153,-0.4740140736103058,0.3213557302951813,-1.61738121509552,0.7847329378128052
4.9425,1.983300805091858,3.8459692001342773,-14.47273063659668,-0.5179457068443298,7.3944525718688965,-6.420812606811523,144.3558807373047,-17.24274444580078,39.31009292602539,0.0,3.8058650493621826,-0.09979388862848282,-0.335837185382843,-0.0780484527349472,0.010853813029825687,0.0149015998467803,-1.0012233257293701,0.0,0.0,0.0,0.0,317.16131591796875,-105.28327941894531,-64.32597351074219,-0.2832126319408417,3.130747079849243,1.9410456418991089,0.862038791179657,-2.2611989974975586,-0.6944684982299805
4.9516,1.9780381917953491,3.9202094078063965,-14.5370454788208,-0.5304114818572998,7.442328929901123,-6.45550537109375,144.3558807373047,-17.24274444580078,39.31009292602539,0.0,3.8058650493621826,-0.09979388862848282,-0.335837185382843,-0.0780484527349472,0.010853813029825687,0.0149015998467803,-1.0012233257293701,0.0,0.0,0.0,0.0,317.16131591796875,-105.28327941894531,-64.32597351074219,0.8403258323669434,-0.26815322041511536,1.739076852798462,-0.06857188045978546,-1.4265813827514648,-2.419341564178467
4.9626,1.9726512432098389,3.994929075241089,-14.60170841217041,-0.5427994132041931,7.490301609039307,-6.490536689758301,144.3558807373047,-17.24274444580078,39.31009292602539,0.0,3.8058650493621826,-0.09979388862848282,-0.335837185382843,-0.0780484527349472,0.010853813029825687,0.0149015998467803,-1.0012233257293701,0.0,0.0,0.0,0.0,317.16131591796875,-105.28327941894531,-64.32597351074219,0.8237957954406738,-0.5362404584884644,0.4295184910297394,0.28157347440719604,0.726383626461029,-0.5520554780960083
4.9716,1.967139482498169,4.07012939453125,-14.666722297668457,-0.5553542375564575,7.538338661193848,-6.525731086730957,144.3558807373047,-17.24274444580078,39.31009292602539,0.0,3.8058650493621826,-0.09979388862848282,-0.335837185382843,-0.0780484527349472,0.010853813029825687,0.0149015998467803,-1.0012233257293701,0.0,0.0,0.0,0.0,317.16131591796875,-105.28327941894531,-64.32597351074219,1.235099196434021,0.29866594076156616,-0.3058938980102539,-2.0994114875793457,-1.3095054626464844,-0.9789100885391235
4.9825,1.9615014791488647,4.145811557769775,-14.732088088989258,-0.5680310726165771,7.586634635925293,-6.561005592346191,143.8157196044922,-17.39727783203125,39.16755294799805,0.0,3.8111438751220703,0.36344456672668457,0.04234722629189491,-0.06290961056947708,0.00627845898270607,0.014780816622078419,-1.0045284032821655,0.0,0.0,0.0,0.0,317.16131591796875,-105.28327941894531,-64.32597351074219,0.08589151501655579,-1.2221475839614868,-0.22545072436332703,1.1821085214614868,1.0593737363815308,1.0227137804031372
4.9927,1.9557366371154785,4.221977233886719,-14.797805786132812,-0.5807033181190491,7.6350274085998535,-6.596308708190918,143.8157196044922,-17.39727783203125,39.16755294799805,0.0,3.8111438751220703,0.36344456672668457,0.04234722629189491,-0.06290961056947708,0.00627845898270607,0.014780816622078419,-1.0045284032821655,0.0,0.0,0.0,0.0,317.16131591796875,-105.28327941894531,-64.32597351074219,-0.1569586843252182,0.9263967275619507,0.4402107298374176,-0.20374810695648193,0.783764660358429,-0.5394629240036011
5.0025,1.9498463869094849,4.298628807067871,-14.86387825012207,-0.5930907130241394,7.683748245239258,-6.632015228271484,143.8157196044922,-17.39727783203125,39.16755294799805,0.0,3.8111438751220703,0.36344456672668457,0.04234722629189491,-0.06290961056947708,0.00627845898270607,0.014780816622078419,-1.0045284032821655,0.0,0.0,0.0,0.0,317.16131591796875,-105.28327941894531,-64.32597351074219,1.8177186250686646,-0.3024316132068634,0.822428822517395,-0.15036946535110474,-0.5390528440475464,-0.06173120066523552
5.0125,1.9438320398330688,4.375767230987549,-14.930309295654297,-0.6054885387420654,7.732282638549805,-6.668076992034912,143.8157196044922,-17.39727783203125,39.16755294799805,0.0,3.8111438751220703,0.36344456672668457,0.04234722629189491,-0.06290961056947708,0.00627845898270607,0.014780816622078419,-1.0045284032821655,0.0,0.0,0.0,0.0,317.16131591796875,-105.28327941894531,-64.32597351074219,-0.33703362941741943,-0.6880024671554565,0.6791316866874695,-1.9483076333999634,0.24561558663845062,-2.073563575744629
5.0225,1.937692403793335,4.453391075134277,-14.997101783752441,-0.6181462407112122,7.780808448791504,-6.704392910003662,143.8157196044922,-17.39727783203125,39.16755294799805,0.0,3.8111438751220703,0.36344456672668457,0.04234722629189491,-0.06290961056947708,0.00627845898270607,0.014780816622078419,-1.0045284032821655,0.0,0.0,0.0,0.0,317.16131591796875,-105.28327941894531,-64.32597351074219,-0.28589627146720886,1.117174506187439,1.6373841762542725,1.3556077480316162,-0.30644863843917847,-0.7425026297569275
5.0324,1.9314260482788086,4.531500339508057,-15.06425666809082,-0.6308034062385559,7.8293352127075195,-6.740668773651123,143.28134155273438,-17.550310134887695,39.028045654296875,0.0,3.8111438751220703,0.060680389404296875,-0.25130903720855713,-0.18833138048648834,0.006995160132646561,0.017942441627383232,-1.0026463270187378,0.0,0.0,0.0,0.0,317.16131591796875,-105.28327941894531,-64.32597351074219,0.4836277365684509,1.8638056516647339,0.20869287848472595,-0.8406248688697815,-1.694714069366455,-0.37853488326072693
5.0416,1.9250333309173584,4.610095500946045,-15.13177490234375,-0.6434028148651123,7.877871036529541,-6.777126312255859,143.28134155273438,-17.550310134887695,39.028045654296875,0.0,3.8111438751220703,0.060680389404296875,-0.25130903720855713,-0.18833138048648834,0.006995160132646561,0.017942441627383232,-1.0026463270187378,0.0,0.0,0.0,0.0,317.16131591796875,-105.28327941894531,-64.32597351074219,-1.2180733680725098,-0.830784797668457,-0.02673981711268425,0.7138475179672241,0.15425634384155273,0.7040778398513794
5.0525,1.9185147285461426,4.6891770362854,-15.19965934753418,-0.6559571623802185,7.926538467407227,-6.814013481140137,143.28134155273438,-17.550310134887695,39.028045654296875,0.0,3.8111438751220703,0.060680389404296875,-0.25130903720855713,-0.18833138048648834,0.006995160132646561,0.017942441627383232,-1.0026463270187378,0.0,0.0,0.0,0.0,317.16131591796875,-105.28327941894531,-64.32597351074219,0.4437319040298462,-1.277886986732483,-0.4267885088920593,1.2836980819702148,0.9801892638206482,0.3942856192588806
5.0626,1.9118694067001343,4.768745422363281,-15.267913818359375,-0.6687225699424744,7.975257873535156,-6.851229190826416,143.28134155273438,-17.550310134887695,39.028045654296875,0.0,3.8111438751220703,0.060680389404296875,-0.25130903720855713,-0.18833138048648834,0.006995160132646561,0.017942441627383232,-1.0026463270187378,0.0,0.0,0.0,0.0,317.16131591796875,-105.28327941894531,-64.32597351074219,0.6727384328842163,-1.2206645011901855,-0.48698076605796814,-1.3306493759155273,0.9478392601013184,0.27237075567245483
5.0724,1.9050946235656738,4.848802089691162,-15.336540222167969,-0.6818224787712097,8.024054527282715,-6.88838005065918,143.28134155273438,-17.550310134887695,39.028045654296875,0.0,3.8111438751220703,0.060680389404296875,-0.25130903720855713,-0.18833138048648834,0.006995160132646561,0.017942441627383232,-1.0026463270187378,0.0,0.0,0.0,0.0,317.16131591796875,-105.28327941894531,-64.32597351074219,0.041712768375873566,1.7626378536224365,-0.4969111382961273,0.5336779356002808,0.5182465314865112,1.0893887281417847
5.0825,1.8981894254684448,4.929347038269043,-15.405537605285645,-0.6947873830795288,8.072863578796387,-6.925675868988037,142.7434844970703,-17.702411651611328,38.88327407836914,0.0,3.8111438751220703,0.1603965312242508,-0.11130456626415253,0.04110703617334366,0.006704634055495262,0.016860129311680794,-1.0008213520050049,0.0,0.0,0.0,0.0,317.16131591796875,-105.28327941894531,-64.32597351074219,1.6648666858673096,-0.40852534770965576,1.0473743677139282,-1.444911003112793,-1.2904284000396729,0.02516619674861431
5.0915,1.8911552429199219,5.010380268096924,-15.474909782409668,-0.7076011896133423,8.121686935424805,-6.9633612632751465,142.7434844970703,-17.702411651611328,38.88327407836914,0.0,3.8111438751220703,0.1603965312242508,-0.11130456626415253,0.04110703617334366,0.006704634055495262,0.016860129311680794,-1.0008213520050049,0.0,0.0,0.0,0.0,317.16131591796875,-105.28327941894531,-64.32597351074219,0.06505417823791504,0.3115231394767761,0.8481898307800293,0.5418736934661865,-0.14468514919281006,-1.4729605913162231
5.1015,1.8839917182922363,5.091903209686279,-15.544660568237305,-0.7206243872642517,8.170750617980957,-7.00148868560791,142.7434844970703,-17.702411651611328,38.88327407836914,0.0,3.8111438751220703,0.1603965312242508,-0.11130456626415253,0.04110703617334366,0.006704634055495262,0.016860129311680794,-1.0008213520050049,0.0,0.0,0.0,0.0,317.16131591796875,-105.28327941894531,-64.32597351074219,0.9898333549499512,0.4290679693222046,-1.1743969917297363,-2.5351758003234863,0.3819425702095032,1.1969108581542969
5.1116,1.8766980171203613,5.173916816711426,-15.614792823791504,-0.7336119413375854,8.219736099243164,-7.039704322814941,142.7434844970703,-17.702411651611328,38.88327407836914,0.0,3.8111438751220703,0.1603965312242508,-0.11130456626415253,0.04110703617334366,0.006704634055495262,0.016860129311680794,-1.0008213520050049,0.0,0.0,0.0,0.0,317.16131591796875,-105.28327941894531,-64.32597351074219,0.6152518391609192,-0.3597734272480011,0.46548032760620117,0.07771892100572586,0.4660782814025879,0.17549049854278564
5.1226,1.869274377822876,5.2564215660095215,-15.685307502746582,-0.7465975880622864,8.268926620483398,-7.0780720710754395,142.7434844970703,-17.702411651611328,38.88327407836914,0.0,3.8111438751220703,0.1603965312242508,-0.11130456626415253,0.04110703617334366,0.006704634055495262,0.016860129311680794,-1.0008213520050049,0.0,0.0,0.0,0.0,317.16131591796875,-105.28327941894531,-64.32597351074219,0.07323591411113739,-0.905522882938385,-0.31716272234916687,-1.1654249429702759,0.3921082019805908,0.4312034547328949
5.1324,1.8617212772369385,5.339418888092041,-15.756205558776855,-0.7594733238220215,8.31816577911377,-7.116427421569824,142.20693969726562,-17.855579376220703,38.73465347290039,0.0,3.8058650493621826,-0.049713995307683945,-0.23913730680942535,0.02882022224366665,0.0077860658057034016,0.018529022112488747,-1.0038009881973267,0.0,0.0,0.0,0.0,317.16131591796875,-105.28327941894531,-64.32597351074219,-0.30825382471084595,0.9505913853645325,-0.5678728818893433,0.826162576675415,-1.575579285621643,0.20768213272094727
5.1415,1.8540387153625488,5.422908782958984,-15.827486991882324,-0.772471010684967,8.367395401000977,-7.154908180236816,142.20693969726562,-17.855579376220703,38.73465347290039,0.0,3.8058650493621826,-0.049713995307683945,-0.23913730680942535,0.02882022224366665,0.0077860658057034016,0.018529022112488747,-1.0038009881973267,0.0,0.0,0.0,0.0,317.16131591796875,-105.28327941894531,-64.32597351074219,0.35680046677589417,-0.34058254957199097,-0.11772888898849487,-0.29915255308151245,-1.2161762714385986,1.2640836238861084
5.1526,1.8462249040603638,5.506892204284668,-15.899154663085938,-0.7857007384300232,8.416770935058594,-7.193722248077393,142.20693969726562,-17.855579376220703,38.73465347290039,0.0,3.8058650493621826,-0.049713995307683945,-0.23913730680942535,0.02882022224366665,0.0077860658057034016,0.018529022112488747,-1.0038009881973267,0.0,0.0,0.0,0.0,317.16131591796875,-105.28327941894531,-64.32597351074219,-1.3490359783172607,1.1234593391418457,0.2057950794696808,-0.0028214415069669485,1.126784324645996,0.2426060289144516
5.1624,1.8382779359817505,5.59136962890625,-15.971210479736328,-0.7990734577178955,8.46618938446045,-7.232688903808594,142.20693969726562,-17.855579376220703,38.73465347290039,0.0,3.8058650493621826,-0.049713995307683945,-0.23913730680942535,0.02882022224366665,0.0077860658057034016,0.018529022112488747,-1.0038009881973267,0.0,0.0,0.0,0.0,317.16131591796875,-105.28327941894531,-64.32597351074219,-1.304679274559021,0.5146112442016602,0.03418705239892006,0.5621277093887329,-2.205145835876465,-0.47498607635498047
5.1716,1.8301984071731567,5.6763410568237305,-16.043657302856445,-0.8122000694274902,8.515447616577148,-7.272058486938477,142.20693969726562,-17.855579376220703,38.73465347290039,0.0,3.8058650493621826,-0.049713995307683945,-0.23913730680942535,0.02882022224366665,0.0077860658057034016,0.018529022112488747,-1.0038009881973267,0.0,0.0,0.0,0.0,317.16131591796875,-105.28327941894531,-64.32597351074219,0.2439071387052536,-1.4530664682388306,-0.12777891755104065,1.9163780212402344,2.0342047214508057,-1.2431730031967163
5.1826,1.8211547136306763,5.770386695861816,-16.123796463012695,-0.8274543285369873,8.571100234985352,-7.3141021728515625,141.6669464111328,-18.008798599243164,38.583900451660156,0.0,3.8058650493621826,-0.09847645461559296,-0.21447980403900146,-0.006795003544539213,0.0047530001029372215,0.013558786362409592,-1.0017945766448975,0.0,0.0,0.0,0.0,317.16131591796875,-105.28327941894531,-64.32597351074219,0.4391821622848511,0.9228429198265076,0.415571004152298,-1.5566846132278442,-0.45493802428245544,0.7766039967536926
5.1925,1.8127890825271606,5.856409549713135,-16.197057723999023,-0.8409902453422546,8.620768547058105,-7.353827476501465,141.6669464111328,-18.008798599243164,38.583900451660156,0.0,3.8058650493621826,-0.09847645461559296,-0.21447980403900146,-0.006795003544539213,0.0047530001029372215,0.013558786362409592,-1.0017945766448975,0.0,0.0,0.0,0.0,317.16131591796875,-105.28327941894531,-64.32597351074219,-1.5330588817596436,0.4944172203540802,-0.9709557294845581,1.5124396085739136,0.2236185073852539,1.1086386442184448
5.2015,1.8042882680892944,5.942930698394775,-16.27071762084961,-0.8544710874557495,8.670666694641113,-7.393787384033203,141.6669464111328,-18.008798599243164,38.583900451660156,0.0,3.8058650493621826,-0.09847645461559296,-0.21447980403900146,-0.006795003544539213,0.0047530001029372215,0.013558786362409592,-1.0017945766448975,0.0,0.0,0.0,0.0,317.16131591796875,-105.28327941894531,-64.32597351074219,2.923516273498535,2.3587806224823,0.9802130460739136,-0.5360627174377441,-1.7385742664337158,0.43538790941238403
5.2115,1.7956534624099731,6.029951095581055,-16.344778060913086,-0.8677617907524109,8.720571517944336,-7.433944225311279,141.6669464111328,-18.008798599243164,38.583900451660156,0.0,3.8058650493621826,-0.09847645461559296,-0.21447980403900146,-0.006795003544539213,0.0047530001029372215,0.013558786362409592,-1.0017945766448975,0.0,0.0,0.0,0.0,317.16131591796875,-105.28327941894531,-64.32597351074219,1.503265142440796,1.3795359134674072,-0.7295626401901245,-1.4611988067626953,-1.645930528640747,-0.33524462580680847
5.2225,1.786885380744934,6.117470741271973,-16.419239044189453,-0.8810970783233643,8.770371437072754,-7.47417688369751,141.6669464111328,-18.008798599243164,38.583900451660156,0.0,3.8058650493621826,-0.09847645461559296,-0.21447980403900146,-0.006795003544539213,0.0047530001029372215,0.013558786362409592,-1.0017945766448975,0.0,0.0,0.0,0.0,317.16131591796875,-105.28327941894531,-64.32597351074219,-0.13752278685569763,-0.7423940896987915,-1.6315456628799438,-0.5717512369155884,0.19578494131565094,1.5892120599746704
5.2325,1.7779827117919922,6.2054877281188965,-16.494104385375977,-0.8946677446365356,8.820059776306152,-7.514580249786377,141.13063049316406,-18.162063598632812,38.430908203125,0.0,3.8058650493621826,0.09903376549482346,-0.04168654978275299,-0.0979074090719223,0.005247471854090691,0.015207781456410885,-1.0016402006149292,0.0,0.0,0.0,0.0,317.16131591796875,-105.28327941894531,-64.32597351074219,1.8341388702392578,1.4832954406738281,-0.4221862554550171,-0.6473844647407532,-0.6725402474403381,-0.7187607288360596
5.2425,1.768944501876831,6.294002532958984,-16.56937599182129,-0.9081732034683228,8.869832992553711,-7.555597305297852,141.13063049316406,-18.162063598632812,38.430908203125,0.0,3.8058650493621826,0.09903376549482346,-0.04168654978275299,-0.0979074090719223,0.005247471854090691,0.015207781456410885,-1.0016402006149292,0.0,0.0,0.0,0.0,317.16131591796875,-105.28327941894531,-64.32597351074219,0.4317883253097534,1.4426841735839844,-0.11049880087375641,0.4845743775367737,-1.6417983770370483,1.278124213218689
5.2525,1.7597707509994507,6.383016109466553,-16.645057678222656,-0.9217482209205627,8.919706344604492,-7.59691047668457,141.13063049316406,-18.162063598632812,38.430908203125,0.0,3.8058650493621826,0.09903376549482346,-0.04168654978275299,-0.0979074090719223,0.005247471854090691,0.015207781456410885,-1.0016402006149292,0.0,0.0,0.0,0.0,317.16131591796875,-105.28327941894531,-64.32597351074219,-0.4846782088279724,0.6921568512916565,-1.5964078903198242,-0.14582490921020508,-0.6245356798171997,0.5559290051460266
5.2625,1.7504615783691406,6.472530364990234,-16.721153259277344,-0.9352418780326843,8.969952583312988,-7.638338565826416,141.13063049316406,-18.162063598632812,38.430908203125,0.0,3.8058650493621826,0.09903376549482346,-0.04168654978275299,-0.0979074090719223,0.005247471854090691,0.015207781456410885,-1.0016402006149292,0.0,0.0,0.0,0.0,317.16131591796875,-105.28327941894531,-64.32597351074219,-2.3290019035339355,-1.1237772703170776,-0.6113086938858032,0.46480536460876465,-1.4419571161270142,0.006709713023155928
5.2716,1.7410178184509277,6.5625481605529785,-16.79766273498535,-0.9486491680145264,9.020313262939453,-7.6799163818359375,141.13063049316406,-18.162063598632812,38.430908203125,0.0,3.8058650493621826,0.09903376549482346,-0.04168654978275299,-0.0979074090719223,0.005247471854090691,0.015207781456410885,-1.0016402006149292,0.0,0.0,0.0,0.0,317.16131591796875,-105.28327941894531,-64.32597351074219,0.6366927027702332,-0.6489699482917786,-0.11954443156719208,0.547875165939331,3.3789026737213135,0.4490140974521637
5.2815,1.7314400672912598,6.653069496154785,-16.874588012695312,-0.9619995355606079,9.070598602294922,-7.721493244171143,140.59231567382812,-18.308263778686523,38.28080368041992,0.0,3.8058650493621826,0.10349716246128082,0.059853602200746536,-0.05972721427679062,0.00848456472158432,0.016653282567858696,-1.002156376838684,0.0,0.0,0.0,0.0,317.16131591796875,-105.28327941894531,-64.32597351074219,-0.5184321999549866,-0.9087807536125183,-0.39431822299957275,-0.8869445323944092,-0.4053856134414673,0.822749137878418
5.2925,1.7217280864715576,6.744093418121338,-16.951929092407227,-0.9754773378372192,9.120783805847168,-7.763291835784912,140.59231567382812,-18.308263778686523,38.28080368041992,0.0,3.8058650493621826,0.10349716246128082,0.059853602200746536,-0.05972721427679062,0.00848456472158432,0.016653282567858696,-1.002156376838684,0.0,0.0,0.0,0.0,317.16131591796875,-105.28327941894531,-64.32597351074219,1.2529696226119995,-1.261939525604248,-1.9305071830749512,0.4730011224746704,0.6570100784301758,1.2849491834640503
5.3014,1.7118810415267944,6.835620403289795,-17.02968978881836,-0.9889894723892212,9.171088218688965,-7.80526876449585,140.59231567382812,-18.308263778686523,38.28080368041992,0.0,3.8058650493621826,0.10349716246128082,0.059853602200746536,-0.05972721427679062,0.00848456472158432,0.016653282567858696,-1.002156376838684,0.0,0.0,0.0,0.0,317.16131591796875,-105.28327941894531,-64.32597351074219,-0.5288354158401489,-0.6987878680229187,-0.47483232617378235,0.26063624024391174,-0.3580818176269531,1.0078742504119873
5.3116,1.701898455619812,6.927650451660156,-17.10787010192871,-1.0025583505630493,9.221383094787598,-7.847539901733398,140.59231567382812,-18.308263778686523,38.28080368041992,0.0,3.8058650493621826,0.10349716246128082,0.059853602200746536,-0.05972721427679062,0.00848456472158432,0.016653282567858696,-1.002156376838684,0.0,0.0,0.0,0.0,317.16131591796875,-105.28327941894531,-64.32597351074219,-0.26296186447143555,1.4310877323150635,-0.45908451080322266,1.5722970962524414,0.5485431551933289,1.6733523607254028
5.3225,1.6917791366577148,7.0201849937438965,-17.18647575378418,-1.0163052082061768,9.271921157836914,-7.890113830566406,140.59231567382812,-18.308263778686523,38.28080368041992,0.0,3.8058650493621826,0.10349716246128082,0.059853602200746536,-0.05972721427679062,0.00848456472158432,0.016653282567858696,-1.002156376838684,0.0,0.0,0.0,0.0,317.16131591796875,-105.28327941894531,-64.32597351074219,-1.128166675567627,-0.11622689664363861,0.1540684998035431,-0.5033764243125916,-1.6943159103393555,-1.3960202932357788
5.3325,1.6815232038497925,7.113224506378174,-17.265506744384766,-1.0298511981964111,9.322296142578125,-7.932888031005859,140.05517578125,-18.453048706054688,38.13053512573242,0.0,3.8058650493621826,0.21116803586483002,0.10873465985059738,0.04892609640955925,0.008350087329745293,0.015819992870092392,-0.9999823570251465,0.0,0.0,0.0,0.0,317.16131591796875,-105.28327941894531,-64.32597351074219,0.633197546005249,-0.17641502618789673,0.8549554347991943,1.3153256177902222,0.11920695751905441,0.5139293074607849
5.3426,1.6711301803588867,7.20676851272583,-17.344966888427734,-1.043700933456421,9.372762680053711,-7.975837707519531,140.05517578125,-18.453048706054688,38.13053512573242,0.0,3.8058650493621826,0.21116803586483002,0.10873465985059738,0.04892609640955925,0.008350087329745293,0.015819992870092392,-0.9999823570251465,0.0,0.0,0.0,0.0,317.16131591796875,-105.28327941894531,-64.32597351074219,0.31137603521347046,-2.0249454975128174,0.47833919525146484,-0.13424548506736755,0.8103504776954651,-0.11125998198986053
5.3545,1.6605991125106812,7.300817966461182,-17.424856185913086,-1.057441234588623,9.423304557800293,-8.018842697143555,140.05517578125,-18.453048706054688,38.13053512573242,0.0,3.8058650493621826,0.21116803586483002,0.10873465985059738,0.04892609640955925,0.008350087329745293,0.015819992870092392,-0.9999823570251465,0.0,0.0,0.0,0.0,317.16131591796875,-105.28327941894531,-64.32597351074219,0.8837484121322632,2.3814306259155273,0.4798498749732971,-0.7766186594963074,-0.412240594625473,0.4272635281085968
5.3625,3.208700945833698e-06,6.082341769797495e-06,-0.000796035397797823,0.000709878106135875,0.0013535880716517568,-0.17689640820026398,140.05517578125,-18.453048706054688,38.13053512573242,0.0,3.8058650493621826,0.21116803586483002,0.10873465985059738,0.04892609640955925,0.008350087329745293,0.015819992870092392,-0.9999823570251465,0.0,0.0,0.0,0.0,317.16131591796875,-105.28327941894531,-64.32597351074219,0.07771748304367065,2.8685288429260254,1.4588385820388794,-0.4941173493862152,-2.6906344890594482,-1.3932280540466309
5.3715,1.366712422168348e-05,2.7136278731632046e-05,-0.0035479404032230377,0.0013769055949524045,0.0028599717188626528,-0.37348422408103943,140.05517578125,-18.453048706054688,38.13053512573242,0.0,3.8058650493621826,0.21116803586483002,0.10873465985059738,0.04892609640955925,0.008350087329745293,0.015819992870092392,-0.9999823570251465,0.0,0.0,0.0,0.0,317.16131591796875,-105.28327941894531,-64.32597351074219,-0.4957295060157776,1.3875598907470703,-1.7384284734725952,0.8257849812507629,-2.6441593170166016,-0.0477619431912899
5.3825,3.0269566195784137e-05,6.258334906306118e-05,-0.00826454907655716,0.001937401364557445,0.004236235283315182,-0.5698370933532715,0.0014400267973542213,-0.002446410246193409,0.001236982410773635,0.0,3.8111438751220703,0.35512617230415344,0.29672104120254517,0.11587516963481903,0.005436917766928673,0.014521309174597263,-1.0000466108322144,0.0,0.0,0.0,0.0,317.16131591796875,-105.28327941894531,-64.32597351074219,0.21943308413028717,0.4173794686794281,1.9012970924377441,0.9677826166152954,0.3356384038925171,-0.10044080764055252
5.3935,5.2730945753864944e-05,0.00011211949458811432,-0.014944009482860565,0.002548644319176674,0.005678937770426273,-0.7660546898841858,0.0014400267973542213,-0.002446410246193409,0.001236982410773635,0.0,3.8111438751220703,0.35512617230415344,0.29672104120254517,0.11587516963481903,0.005436917766928673,0.014521309174597263,-1.0000466108322144,0.0,0.0,0.0,0.0,317.16131591796875,-105.28327941894531,-64.32597351074219,0.4117812216281891,0.19130508601665497,1.286363124847412,-0.729343831539154,-0.40624380111694336,-0.5508332848548889
5.4025,8.159711433108896e-05,0.00017681586905382574,-0.02358618937432766,0.003224381012842059,0.007269634865224361,-0.9623810052871704,0.0014400267973542213,-0.002446410246193409,0.001236982410773635,0.0,3.8111438751220703,0.35512617230415344,0.29672104120254517,0.11587516963481903,0.005436917766928673,0.014521309174597263,-1.0000466108322144,0.0,0.0,0.0,0.0,317.16131591796875,-105.28327941894531,-64.32597351074219,0.38797223567962646,0.9985950589179993,1.0378831624984741,-0.22976098954677582,0.028297536075115204,-0.19735634326934814
5.4125,0.00011756524327211082,0.00025789084611460567,-0.03419092670083046,0.003964874427765608,0.008939680643379688,-1.1585661172866821,0.0014400267973542213,-0.002446410246193409,0.001236982410773635,0.0,3.8111438751220703,0.35512617230415344,0.29672104120254517,0.11587516963481903,0.005436917766928673,0.014521309174597263,-1.0000466108322144,0.0,0.0,0.0,0.0,317.16131591796875,-105.28327941894531,-64.32597351074219,0.5727716684341431,0.16547265648841858,-0.48936206102371216,-1.493733525276184,-1.5242352485656738,-0.5838903188705444
5.4215,0.00016011408297345042,0.000354150019120425,-0.04675823450088501,0.0045427787117660046,0.010313905775547028,-1.3548955917358398,0.0014400267973542213,-0.002446410246193409,0.001236982410773635,0.0,3.8111438751220703,0.35512617230415344,0.29672104120254517,0.11587516963481903,0.005436917766928673,0.014521309174597263,-1.0000466108322144,0.0,0.0,0.0,0.0,317.16131591796875,-105.28327941894531,-64.32597351074219,-0.010817945003509521,-1.5011965036392212,1.0553503036499023,0.787936806678772,0.4394948184490204,0.6473074555397034
5.4325,0.00020855154434684664,0.00046348420437425375,-0.06128982454538345,0.005149225238710642,0.011550539173185825,-1.5514219999313354,0.0074302759021520615,-0.008132429793477058,0.004506014287471771,0.0,3.8058650493621826,-0.14056988060474396,-0.05988992750644684,-0.04200409725308418,0.007362802512943745,0.012525757774710655,-1.0042697191238403,0.0,0.0,0.0,0.0,317.16131591796875,-105.28327941894531,-64.32597351074219,1.3160098791122437,1.4340853691101074,2.2303686141967773,-1.361920952796936,0.24215316772460938,-2.689781904220581
5.4425,0.000264016620349139,0.0005854068440385163,-0.07778669893741608,0.005938597489148378,0.012837289832532406,-1.7479526996612549,0.0074302759021520615,-0.008132429793477058,0.004506014287471771,0.0,3.8058650493621826,-0.14056988060474396,-0.05988992750644684,-0.04200409725308418,0.007362802512943745,0.012525757774710655,-1.0042697191238403,0.0,0.0,0.0,0.0,317.16131591796875,-105.28327941894531,-64.32597351074219,-0.849194347858429,-1.8647329807281494,0.6606093645095825,0.049224935472011566,0.08123739808797836,0.24717064201831818
5.4515,0.00032701288000680506,0.0007215307559818029,-0.09624820947647095,0.006664952263236046,0.014386646449565887,-1.944348692893982,0.0074302759021520615,-0.008132429793477058,0.004506014287471771,0.0,3.8058650493621826,-0.14056988060474396,-0.05988992750644684,-0.04200409725308418,0.007362802512943745,0.012525757774710655,-1.0042697191238403,0.0,0.0,0.0,0.0,317.16131591796875,-105.28327941894531,-64.32597351074219,1.085529088973999,0.12395702302455902,-0.8562602400779724,-0.2661454379558563,0.0047436910681426525,-0.3940087854862213
5.4615,0.0003979486646130681,0.0008733762078918517,-0.11667435616254807,0.007525916676968336,0.0159800685942173,-2.1408798694610596,0.0074302759021520615,-0.008132429793477058,0.004506014287471771,0.0,3.8058650493621826,-0.14056988060474396,-0.05988992750644684,-0.04200409725308418,0.007362802512943745,0.012525757774710655,-1.0042697191238403,0.0,0.0,0.0,0.0,317.16131591796875,-105.28327941894531,-64.32597351074219,2.4916322231292725,-0.5603867769241333,-0.4462442994117737,-2.6685338020324707,-0.09192485362291336,0.788105845451355
5.4715,0.0004774525295943022,0.0010398002341389656,-0.13906502723693848,0.008378620259463787,0.017301587387919426,-2.3372550010681152,0.0074302759021520615,-0.008132429793477058,0.004506014287471771,0.0,3.8058650493621826,-0.14056988060474396,-0.05988992750644684,-0.04200409725308418,0.007362802512943745,0.012525757774710655,-1.0042697191238403,0.0,0.0,0.0,0.0,317.16131591796875,-105.28327941894531,-64.32597351074219,2.5509421825408936,1.8048150539398193,0.5030777454376221,-2.2312214374542236,0.043028030544519424,-0.6231708526611328
5.4815,0.0004774525295943022,0.0010398002341389656,-0.13906502723693848,0.008378620259463787,0.017301587387919426,-2.3372550010681152,0.0061532859690487385,-0.005209748167544603,0.0025296281091868877,0.0,3.8111438751220703,0.06202564015984535,0.0398741140961647,-0.10441303998231888,0.008762344717979431,0.013939149677753448,-1.0044488906860352,0.0,0.0,0.0,0.0,317.16131591796875,-105.28327941894531,-64.32597351074219,1.4129951000213623,-0.25025057792663574,-0.16589340567588806,-1.5415229797363281,0.08467467874288559,-0.16841058433055878
5.4915,0.0005655877757817507,0.001219294616021216,-0.16342049837112427,0.009248532354831696,0.018602274358272552,-2.5338401794433594,0.0061532859690487385,-0.005209748167544603,0.0025296281091868877,0.0,3.8111438751220703,0.06202564015984535,0.0398741140961647,-0.10441303998231888,0.008762344717979431,0.013939149677753448,-1.0044488906860352,0.0,0.0,0.0,0.0,317.16131591796875,-105.28327941894531,-64.32597351074219,-1.1749002933502197,0.18978561460971832,0.9329727292060852,-0.6107035875320435,-0.8858523368835449,-0.7680862545967102
5.5015,0.0006622637738473713,0.0014127753674983978,-0.18974162638187408,0.01009347289800644,0.020098309963941574,-2.7303853034973145,0.0061532859690487385,-0.005209748167544603,0.0025296281091868877,0.0,3.8111438751220703,0.06202564015984535,0.0398741140961647,-0.10441303998231888,0.008762344717979431,0.013939149677753448,-1.0044488906860352,0.0,0.0,0.0,0.0,317.16131591796875,-105.28327941894531,-64.32597351074219,-0.6646842956542969,-0.31468844413757324,0.1562137007713318,-1.0794745683670044,-0.7075455188751221,0.07484311610460281
5.5115,0.0007674049120396376,0.0016204871935769916,-0.21802787482738495,0.010931718163192272,0.021443497389554977,-2.9268639087677,0.0061532859690487385,-0.005209748167544603,0.0025296281091868877,0.0,3.8111438751220703,0.06202564015984535,0.0398741140961647,-0.10441303998231888,0.008762344717979431,0.013939149677753448,-1.0044488906860352,0.0,0.0,0.0,0.0,317.16131591796875,-105.28327941894531,-64.32597351074219,2.6121506690979004,0.4747714698314667,0.49028894305229187,0.2566803991794586,-1.4259530305862427,1.1146814823150635
5.5215,0.0008807129343040287,0.001842365600168705,-0.24827978014945984,0.011733672581613064,0.022928772494196892,-3.1235175132751465,0.0061532859690487385,-0.005209748167544603,0.0025296281091868877,0.0,3.8111438751220703,0.06202564015984535,0.0398741140961647,-0.10441303998231888,0.008762344717979431,0.013939149677753448,-1.0044488906860352,0.0,0.0,0.0,0.0,317.16131591796875,-105.28327941894531,-64.32597351074219,-0.46547335386276245,0.3206566870212555,-1.3953574895858765,-2.12125563621521,-0.62601637840271,1.7410640716552734
5.5326,0.0010022781789302826,0.0020796714816242456,-0.2804977595806122,0.012577027082443237,0.02453112229704857,-3.3200786113739014,0.007950742729008198,-0.003935470711439848,0.0032926728017628193,0.0,3.8111438751220703,0.04097301885485649,-0.25000789761543274,-0.018360035493969917,0.00881282426416874,0.014715940691530704,-1.0014958381652832,0.0,0.0,0.0,0.0,317.16131591796875,-105.28327941894531,-64.32597351074219,0.2928389310836792,-0.48764336109161377,1.7778674364089966,0.6132920384407043,-1.6967110633850098,-0.766425371170044
5.5415,0.0011325081577524543,0.00233262381516397,-0.3146802484989166,0.013470775447785854,0.026055699214339256,-3.516417980194092,0.007950742729008198,-0.003935470711439848,0.0032926728017628193,0.0,3.8111438751220703,0.04097301885485649,-0.25000789761543274,-0.018360035493969917,0.00881282426416874,0.014715940691530704,-1.0014958381652832,0.0,0.0,0.0,0.0,317.16131591796875,-105.28327941894531,-64.32597351074219,0.2428850382566452,-1.4441266059875488,-2.1898183822631836,0.5033970475196838,0.6788614988327026,1.6122177839279175
5.5516,0.0012711198069155216,0.0026003329548984766,-0.3508264124393463,0.014248659834265709,0.02749333530664444,-3.712812900543213,0.007950742729008198,-0.003935470711439848,0.0032926728017628193,0.0,3.8111438751220703,0.04097301885485649,-0.25000789761543274,-0.018360035493969917,0.00881282426416874,0.014715940691530704,-1.0014958381652832,0.0,0.0,0.0,0.0,317.16131591796875,-105.28327941894531,-64.32597351074219,1.2496583461761475,0.6192775368690491,0.8595157861709595,-0.6397282481193542,-0.3289431035518646,-0.6970673203468323
5.5615,0.0014177827397361398,0.0028826361522078514,-0.3889364004135132,0.015088556334376335,0.028967121616005898,-3.9091808795928955,0.007950742729008198,-0.003935470711439848,0.0032926728017628193,0.0,3.8111438751220703,0.04097301885485649,-0.25000789761543274,-0.018360035493969917,0.00881282426416874,0.014715940691530704,-1.0014958381652832,0.0,0.0,0.0,0.0,317.16131591796875,-105.28327941894531,-64.32597351074219,0.12241945415735245,0.801635205745697,-0.760664701461792,0.004771630745381117,-0.2133496254682541,-0.007697031367570162
5.5716,0.001571879955008626,0.003180513624101877,-0.42901039123535156,0.015731623396277428,0.03061007522046566,-4.105617523193359,0.007950742729008198,-0.003935470711439848,0.0032926728017628193,0.0,3.8111438751220703,0.04097301885485649,-0.25000789761543274,-0.018360035493969917,0.00881282426416874,0.014715940691530704,-1.0014958381652832,0.0,0.0,0.0,0.0,317.16131591796875,-105.28327941894531,-64.32597351074219,-0.31239768862724304,-2.0329713821411133,0.3156604766845703,0.8116155862808228,0.29368510842323303,1.0884977579116821
5.5815,0.001732317847199738,0.0034947101958096027,-0.471049427986145,0.016352878883481026,0.03223244473338127,-4.302191734313965,0.01127440482378006,-0.003924893215298653,0.002384002786129713,0.0,3.8111438751220703,-0.08976519107818604,0.035243887454271317,0.1508995145559311,0.006420530844479799,0.016937661916017532,-1.0023564100265503,0.0,0.0,0.0,0.0,317.16131591796875,-105.28327941894531,-64.32597351074219,-1.902195692062378,0.586190938949585,0.9933618307113647,0.7669068574905396,0.9666470885276794,-0.1433495730161667
5.5925,0.001899217488244176,0.0038253155071288347,-0.515053391456604,0.017030049115419388,0.033886928111314774,-4.498602867126465,0.01127440482378006,-0.003924893215298653,0.002384002786129713,0.0,3.8111438751220703,-0.08976519107818604,0.035243887454271317,0.1508995145559311,0.006420530844479799,0.016937661916017532,-1.0023564100265503,0.0,0.0,0.0,0.0,317.16131591796875,-105.28327941894531,-64.32597351074219,-0.41772186756134033,-1.106306791305542,-0.7956628203392029,2.488224506378174,-0.8738250136375427,-0.3125956058502197
5.6026,0.0020730779506266117,0.004172677639871836,-0.5610219240188599,0.017736267298460007,0.03558540716767311,-4.695109844207764,0.01127440482378006,-0.003924893215298653,0.002384002786129713,0.0,3.8111438751220703,-0.08976519107818604,0.035243887454271317,0.1508995145559311,0.006420530844479799,0.016937661916017532,-1.0023564100265503,0.0,0.0,0.0,0.0,317.16131591796875,-105.28327941894531,-64.32597351074219,-0.7845022678375244,-0.28549879789352417,-0.689130425453186,1.0657479763031006,0.8922432661056519,0.9587727785110474
5.6114,0.0022554120514541864,0.004535941407084465,-0.6089564561843872,0.0187267754226923,0.03707278147339821,-4.891793251037598,0.01127440482378006,-0.003924893215298653,0.002384002786129713,0.0,3.8111438751220703,-0.08976519107818604,0.035243887454271317,0.1508995145559311,0.006420530844479799,0.016937661916017532,-1.0023564100265503,0.0,0.0,0.0,0.0,317.16131591796875,-105.28327941894531,-64.32597351074219,-2.679975986480713,-1.3486900329589844,-1.4361463785171509,1.254089117050171,-1.4312270879745483,0.7622723579406738
5.6215,0.002447652630507946,0.004913922864943743,-0.6588577032089233,0.01972096972167492,0.03853064402937889,-5.0884599685668945,0.01127440482378006,-0.003924893215298653,0.002384002786129713,0.0,3.8111438751220703,-0.08976519107818604,0.035243887454271317,0.1508995145559311,0.006420530844479799,0.016937661916017532,-1.0023564100265503,0.0,0.0,0.0,0.0,317.16131591796875,-105.28327941894531,-64.32597351074219,-0.39879605174064636,1.6297454833984375,-0.10277082771062851,1.245870590209961,0.6978334188461304,1.2362253665924072
5.6315,0.00264922552742064,0.005307631101459265,-0.7107245922088623,0.020600903779268265,0.040219713002443314,-5.284918308258057,0.018648382276296616,-0.004402451682835817,0.005750583950430155,0.0,3.8111438751220703,0.37096625566482544,-0.06083495169878006,0.07802930474281311,0.009814216755330563,0.01580085977911949,-1.002756118774414,0.0,0.0,0.0,0.0,317.16131591796875,-105.28327941894531,-64.32597351074219,-0.013341119512915611,0.07448015362024307,-1.5093474388122559,-0.35278263688087463,-0.4544784724712372,0.8243048191070557
5.6415,0.002859839703887701,0.005717736203223467,-0.7645562291145325,0.02152218483388424,0.041812412440776825,-5.481413841247559,0.018648382276296616,-0.004402451682835817,0.005750583950430155,0.0,3.8111438751220703,0.37096625566482544,-0.06083495169878006,0.07802930474281311,0.009814216755330563,0.01580085977911949,-1.002756118774414,0.0,0.0,0.0,0.0,317.16131591796875,-105.28327941894531,-64.32597351074219,1.0389044284820557,0.17231318354606628,0.8827389478683472,-0.9645513892173767,-0.7140029668807983,-0.0351143516600132
5.6515,0.00307983485981822,0.0061432612128555775,-0.8203522562980652,0.022477392107248306,0.04329700022935867,-5.677795886993408,0.018648382276296616,-0.004402451682835817,0.005750583950430155,0.0,3.8111438751220703,0.37096625566482544,-0.06083495169878006,0.07802930474281311,0.009814216755330563,0.01580085977911949,-1.002756118774414,0.0,0.0,0.0,0.0,317.16131591796875,-105.28327941894531,-64.32597351074219,-0.8389310836791992,2.2856414318084717,0.17004156112670898,-0.9995011687278748,-2.267390727996826,-0.9885231852531433
5.6615,0.0033084535971283913,0.00658353790640831,-0.8781118988990784,0.02325388975441456,0.04475981369614601,-5.874136447906494,0.018648382276296616,-0.004402451682835817,0.005750583950430155,0.0,3.8111438751220703,0.37096625566482544,-0.06083495169878006,0.07802930474281311,0.009814216755330563,0.01580085977911949,-1.002756118774414,0.0,0.0,0.0,0.0,317.16131591796875,-105.28327941894531,-64.32597351074219,-1.5878310203552246,0.22396089136600494,0.13597267866134644,0.123321533203125,-1.5110572576522827,-1.609180212020874
5.6716,0.003544265404343605,0.007039417512714863,-0.9378359317779541,0.02390417456626892,0.04641513526439667,-6.070668697357178,0.018648382276296616,-0.004402451682835817,0.005750583950430155,0.0,3.8111438751220703,0.37096625566482544,-0.06083495169878006,0.07802930474281311,0.009814216755330563,0.01580085977911949,-1.002756118774414,0.0,0.0,0.0,0.0,317.16131591796875,-105.28327941894531,-64.32597351074219,1.1056344509124756,-1.6652947664260864,-0.1775953322649002,1.5744049549102783,1.1042838096618652,0.25958624482154846
5.6814,0.003787840949371457,0.007511591073125601,-0.9995253086090088,0.02480660192668438,0.04801976680755615,-6.267204284667969,0.02704155445098877,-0.005081073846668005,0.006291360594332218,0.0,3.8058650493621826,0.3916589617729187,0.17012231051921844,0.14582902193069458,0.009170154109597206,0.011813120916485786,-1.0041838884353638,0.0,0.0,0.0,0.0,317.16131591796875,-105.28327941894531,-64.32597351074219,-0.019157608970999718,0.9799886345863342,1.1905027627944946,0.49289360642433167,0.8378512859344482,-0.24130356311798096
5.6915,0.004040659870952368,0.007998230867087841,-1.063180685043335,0.025759326294064522,0.04931788146495819,-6.463871479034424,0.02704155445098877,-0.005081073846668005,0.006291360594332218,0.0,3.8058650493621826,0.3916589617729187,0.17012231051921844,0.14582902193069458,0.009170154109597206,0.011813120916485786,-1.0041838884353638,0.0,0.0,0.0,0.0,317.16131591796875,-105.28327941894531,-64.32597351074219,0.8006036877632141,0.744810163974762,-0.025287672877311707,-0.6207449436187744,-1.5172425508499146,0.04914635419845581
5.7015,0.004302721470594406,0.008497914299368858,-1.1288026571273804,0.02665061503648758,0.05062165856361389,-6.660512447357178,0.02704155445098877,-0.005081073846668005,0.006291360594332218,0.0,3.8058650493621826,0.3916589617729187,0.17012231051921844,0.14582902193069458,0.009170154109597206,0.011813120916485786,-1.0041838884353638,0.0,0.0,0.0,0.0,317.16131591796875,-105.28327941894531,-64.32597351074219,0.18598604202270508,0.9796033501625061,1.3742971420288086,-0.033920396119356155,-0.8629071116447449,-0.1589120328426361
5.7114,0.004574049264192581,0.009010953828692436,-1.1963902711868286,0.027620917186141014,0.05198977142572403,-6.857000827789307,0.02704155445098877,-0.005081073846668005,0.006291360594332218,0.0,3.8058650493621826,0.3916589617729187,0.17012231051921844,0.14582902193069458,0.009170154109597206,0.011813120916485786,-1.0041838884353638,0.0,0.0,0.0,0.0,317.16131591796875,-105.28327941894531,-64.32597351074219,0.5904450416564941,1.6072548627853394,0.641162633895874,-0.6939520239830017,0.11837901175022125,-1.0523681640625
5.7215,0.004854309372603893,0.009539054706692696,-1.2659422159194946,0.02842947095632553,0.053628090769052505,-7.05338191986084,0.02704155445098877,-0.005081073846668005,0.006291360594332218,0.0,3.8058650493621826,0.3916589617729187,0.17012231051921844,0.14582902193069458,0.009170154109597206,0.011813120916485786,-1.0041838884353638,0.0,0.0,0.0,0.0,317.16131591796875,-105.28327941894531,-64.32597351074219,1.2881190776824951,1.3030369281768799,0.6167383193969727,-0.6916479468345642,-1.877055048942566,-0.6117678284645081
5.7314,0.00514190224930644,0.010084422305226326,-1.3374570608139038,0.02908768691122532,0.055444344878196716,-7.24958610534668,0.036562830209732056,-0.005139179062098265,0.005895564332604408,0.0,3.8058650493621826,0.13796451687812805,0.06743630766868591,0.20629283785820007,0.007161349058151245,0.014842015691101551,-1.000974178314209,0.0,0.0,0.0,0.0,317.16131591796875,-105.28327941894531,-64.32597351074219,0.5400217771530151,1.1061432361602783,1.6141436100006104,-0.30025070905685425,-0.7029140591621399,-1.0272561311721802
5.7415,0.005436417646706104,0.010647202841937542,-1.4109344482421875,0.029814226552844048,0.057113248854875565,-7.445897102355957,0.036562830209732056,-0.005139179062098265,0.005895564332604408,0.0,3.8058650493621826,0.13796451687812805,0.06743630766868591,0.20629283785820007,0.007161349058151245,0.014842015691101551,-1.000974178314209,0.0,0.0,0.0,0.0,317.16131591796875,-105.28327941894531,-64.32597351074219,-1.2216932773590088,0.1477172076702118,1.3516786098480225,-0.2737846076488495,-1.2029049396514893,-1.0252528190612793
5.7515,0.005737827159464359,0.011225131340324879,-1.4863752126693726,0.030468618497252464,0.05847662314772606,-7.642264366149902,0.036562830209732056,-0.005139179062098265,0.005895564332604408,0.0,3.8058650493621826,0.13796451687812805,0.06743630766868591,0.20629283785820007,0.007161349058151245,0.014842015691101551,-1.000974178314209,0.0,0.0,0.0,0.0,317.16131591796875,-105.28327941894531,-64.32597351074219,-0.2671491205692291,0.3263512849807739,-0.41169995069503784,0.320332795381546,-0.352034330368042,-0.7198601961135864
5.7616,0.0060459622181952,0.011816579848527908,-1.5637803077697754,0.03116917982697487,0.05980921536684036,-7.838755130767822,0.036562830209732056,-0.005139179062098265,0.005895564332604408,0.0,3.8058650493621826,0.13796451687812805,0.06743630766868591,0.20629283785820007,0.007161349058151245,0.014842015691101551,-1.000974178314209,0.0,0.0,0.0,0.0,317.16131591796875,-105.28327941894531,-64.32597351074219,-1.8670817613601685,-0.12833893299102783,-0.3918653130531311,1.7990399599075317,0.3971449136734009,0.6512607336044312
5.7715,0.006361083127558231,0.012422366067767143,-1.6431498527526855,0.031857505440711975,0.0613405704498291,-8.035157203674316,0.036562830209732056,-0.005139179062098265,0.005895564332604408,0.0,3.8058650493621826,0.13796451687812805,0.06743630766868591,0.20629283785820007,0.007161349058151245,0.014842015691101551,-1.000974178314209,0.0,0.0,0.0,0.0,317.16131591796875,-105.28327941894531,-64.32597351074219,0.2520093321800232,0.2202206254005432,1.100156307220459,1.4182498455047607,1.0769544839859009,1.3709001541137695
5.7815,0.006684092339128256,0.013044108636677265,-1.7244831323623657,0.03274540603160858,0.06300514191389084,-8.231507301330566,0.04204438999295235,-0.0016880898037925363,0.008465041406452656,0.0,3.8058650493621826,0.4182872772216797,-0.1100819930434227,0.13988712430000305,0.00941478181630373,0.01619652844965458,-1.001949429512024,0.0,0.0,0.0,0.0,317.16131591796875,-105.28327941894531,-64.32597351074219,-0.3639668822288513,2.285551071166992,-0.3388006389141083,0.2561570107936859,-2.282068967819214,-0.44355982542037964
5.7916,0.0070160455070436,0.013682352378964424,-1.8077795505523682,0.03364981338381767,0.06464969366788864,-8.427778244018555,0.04204438999295235,-0.0016880898037925363,0.008465041406452656,0.0,3.8058650493621826,0.4182872772216797,-0.1100819930434227,0.13988712430000305,0.00941478181630373,0.01619652844965458,-1.001949429512024,0.0,0.0,0.0,0.0,317.16131591796875,-105.28327941894531,-64.32597351074219,-1.157436728477478,-0.7984762191772461,-1.5883675813674927,0.3859758675098419,-1.187795877456665,-1.5182304382324219
5.8016,0.007357110269367695,0.01433621533215046,-1.893039584159851,0.0345652811229229,0.06611739844083786,-8.624231338500977,0.04204438999295235,-0.0016880898037925363,0.008465041406452656,0.0,3.8058650493621826,0.4182872772216797,-0.1100819930434227,0.13988712430000305,0.00941478181630373,0.01619652844965458,-1.001949429512024,0.0,0.0,0.0,0.0,317.16131591796875,-105.28327941894531,-64.32597351074219,-0.04003673791885376,-0.6283925175666809,0.4198993444442749,-0.6092327833175659,1.0205645561218262,1.6294804811477661
5.8114,0.007706678006798029,0.01500396803021431,-1.9802640676498413,0.03534792736172676,0.06742078065872192,-8.82065486907959,0.04204438999295235,-0.0016880898037925363,0.008465041406452656,0.0,3.8058650493621826,0.4182872772216797,-0.1100819930434227,0.13988712430000305,0.00941478181630373,0.01619652844965458,-1.001949429512024,0.0,0.0,0.0,0.0,317.16131591796875,-105.28327941894531,-64.32597351074219,-0.6438044905662537,0.46165749430656433,-0.7475208044052124,0.7140228748321533,2.2552077770233154,0.09408801794052124
5.8215,0.008064252324402332,0.015685230493545532,-2.0694525241851807,0.036161307245492935,0.06882761418819427,-9.01703929901123,0.04204438999295235,-0.0016880898037925363,0.008465041406452656,0.0,3.8058650493621826,0.4182872772216797,-0.1100819930434227,0.13988712430000305,0.00941478181630373,0.01619652844965458,-1.001949429512024,0.0,0.0,0.0,0.0,317.16131591796875,-105.28327941894531,-64.32597351074219,-1.2727057933807373,-0.11085054278373718,0.39922887086868286,0.8299606442451477,-0.7942783832550049,-0.2587544620037079
5.8315,0.008430156856775284,0.016380293294787407,-2.1606054306030273,0.0370122455060482,0.0701843872666359,-9.213528633117676,0.0473509356379509,-0.0038618643302470446,0.011512456461787224,0.0,3.8058650493621826,-0.022893650457262993,-0.1397295743227005,0.21424031257629395,0.007690166588872671,0.012435541488230228,-1.0024635791778564,0.0,0.0,0.0,0.0,317.16131591796875,-105.28327941894531,-64.32597351074219,-1.881117820739746,-0.13459733128547668,1.1580861806869507,1.1634129285812378,-1.714059829711914,-1.0497939586639404
5.8414,0.008803962729871273,0.01708885282278061,-2.253722906112671,0.037748634815216064,0.07152003049850464,-9.409972190856934,0.0473509356379509,-0.0038618643302470446,0.011512456461787224,0.0,3.8058650493621826,-0.022893650457262993,-0.1397295743227005,0.21424031257629395,0.007690166588872671,0.012435541488230228,-1.0024635791778564,0.0,0.0,0.0,0.0,317.16131591796875,-105.28327941894531,-64.32597351074219,-1.322532296180725,0.06962165236473083,0.8626718521118164,0.7303820252418518,0.635639488697052,-1.1587212085723877
5.8515,0.00918559730052948,0.01781160570681095,-2.3488047122955322,0.03858158737421036,0.07302246987819672,-9.606389999389648,0.0473509356379509,-0.0038618643302470446,0.011512456461787224,0.0,3.8058650493621826,-0.022893650457262993,-0.1397295743227005,0.21424031257629395,0.007690166588872671,0.012435541488230228,-1.0024635791778564,0.0,0.0,0.0,0.0,317.16131591796875,-105.28327941894531,-64.32597351074219,-0.32975977659225464,-0.07700815796852112,-0.8244817852973938,0.831393837928772,-0.5186407566070557,0.42172878980636597
5.8615,0.00957636907696724,0.01855025626718998,-2.4458506107330322,0.039577119052410126,0.07470140606164932,-9.802807807922363,0.0473509356379509,-0.0038618643302470446,0.011512456461787224,0.0,3.8058650493621826,-0.022893650457262993,-0.1397295743227005,0.21424031257629395,0.007690166588872671,0.012435541488230228,-1.0024635791778564,0.0,0.0,0.0,0.0,317.16131591796875,-105.28327941894531,-64.32597351074219,-0.6754179000854492,-0.15428321063518524,1.2463263273239136,0.21514469385147095,0.7766980528831482,-0.242738738656044
5.8716,0.00997612439095974,0.019305100664496422,-2.544860363006592,0.04037206992506981,0.07625940442085266,-9.999125480651855,0.0473509356379509,-0.0038618643302470446,0.011512456461787224,0.0,3.8058650493621826,-0.022893650457262993,-0.1397295743227005,0.21424031257629395,0.007690166588872671,0.012435541488230228,-1.0024635791778564,0.0,0.0,0.0,0.0,317.16131591796875,-105.28327941894531,-64.32597351074219,-0.7527260780334473,0.44106781482696533,-0.1040557324886322,0.3014686405658722,-0.9891616106033325,-1.346362590789795
5.8815,0.0,0.0,0.0,0.0,0.0,0.0,0.048482514917850494,-0.0018720062216743827,0.012380621396005154,0.0,3.8058650493621826,0.145041823387146,-0.18947871029376984,0.10614816099405289,0.007802549283951521,0.013228139840066433,-0.9997183680534363,0.0,0.0,0.0,0.0,317.16131591796875,-105.28327941894531,-64.32597351074219,1.8743526935577393,0.7370302677154541,0.12846550345420837,0.5543096661567688,0.13486714661121368,0.532354474067688
5.8915,2.8970130188099574e-06,5.18105161972926e-06,-0.0007949107093736529,0.0006497524445876479,0.0011509406613186002,-0.17664648592472076,0.048482514917850494,-0.0018720062216743827,0.012380621396005154,0.0,3.8058650493621826,0.145041823387146,-0.18947871029376984,0.10614816099405289,0.007802549283951521,0.013228139840066433,-0.9997183680534363,0.0,0.0,0.0,0.0,317.16131591796875,-105.28327941894531,-64.32597351074219,0.7263689041137695,-1.228326678276062,-0.47079458832740784,-2.6303770542144775,-0.031956467777490616,0.604408860206604
5.9015,1.3640101315104403e-05,2.3245063857757486e-05,-0.0035425201058387756,0.001495748059824109,0.002467342186719179,-0.3728749454021454,0.048482514917850494,-0.0018720062216743827,0.012380621396005154,0.0,3.8058650493621826,0.145041823387146,-0.18947871029376984,0.10614816099405289,0.007802549283951521,0.013228139840066433,-0.9997183680534363,0.0,0.0,0.0,0.0,317.16131591796875,-105.28327941894531,-64.32597351074219,-1.1946656703948975,-0.1973992884159088,-0.3114732801914215,-0.7738826870918274,0.7953706383705139,0.4104752838611603
5.9117,3.3900170819833875e-05,5.506012530531734e-05,-0.00825330801308155,0.0025589833967387676,0.003897503949701786,-0.5692822337150574,0.048482514917850494,-0.0018720062216743827,0.012380621396005154,0.0,3.8058650493621826,0.145041823387146,-0.18947871029376984,0.10614816099405289,0.007802549283951521,0.013228139840066433,-0.9997183680534363,0.0,0.0,0.0,0.0,317.16131591796875,-105.28327941894531,-64.32597351074219,1.620599389076233,0.1815163493156433,-1.7665128707885742,0.5991626381874084,-0.9077255725860596,1.1457960605621338
5.9225,6.430252688005567e-05,0.00010162660328205675,-0.014928469434380531,0.0035266014747321606,0.005409436300396919,-0.7657496333122253,0.048482514917850494,-0.0018720062216743827,0.012380621396005154,0.0,3.8058650493621826,0.145041823387146,-0.18947871029376984,0.10614816099405289,0.007802549283951521,0.013228139840066433,-0.9997183680534363,0.0,0.0,0.0,0.0,317.16131591796875,-105.28327941894531,-64.32597351074219,-0.7838922739028931,-0.8650771975517273,-0.1271536648273468,-1.1688098907470703,1.6947224140167236,1.6979683637619019
5.9315,0.00010472618305357173,0.00016334748943336308,-0.02356784977018833,0.004557415377348661,0.006936081685125828,-0.9621261358261108,0.00054520508274436,0.003137699095532298,0.0011297762393951416,0.0,3.8111438751220703,0.11334468424320221,0.3929605782032013,-0.017179280519485474,0.008632929064333439,0.015284509398043156,-1.0008472204208374,0.0,0.0,0.0,0.0,317.16131591796875,-105.28327941894531,-64.32597351074219,0.2121569812297821,2.5805935859680176,0.4126967787742615,0.7943054437637329,-0.6901592016220093,-0.8788569569587708
5.9418,0.00015476931002922356,0.0002406660933047533,-0.03417029604315758,0.005446387454867363,0.008525053970515728,-1.1583627462387085,0.00054520508274436,0.003137699095532298,0.0011297762393951416,0.0,3.8111438751220703,0.11334468424320221,0.3929605782032013,-0.017179280519485474,0.008632929064333439,0.015284509398043156,-1.0008472204208374,0.0,0.0,0.0,0.0,317.16131591796875,-105.28327941894531,-64.32597351074219,-0.3062366247177124,0.9062797427177429,0.014553507789969444,1.0274744033813477,-2.40779185295105,-1.2154885530471802
5.9516,0.0002131731598637998,0.00033271079882979393,-0.04673614352941513,0.006227363832294941,0.009885801933705807,-1.3548064231872559,0.00054520508274436,0.003137699095532298,0.0011297762393951416,0.0,3.8111438751220703,0.11334468424320221,0.3929605782032013,-0.017179280519485474,0.008632929064333439,0.015284509398043156,-1.0008472204208374,0.0,0.0,0.0,0.0,317.16131591796875,-105.28327941894531,-64.32597351074219,-1.0394363403320312,0.7840361595153809,0.5505044460296631,0.3360042870044708,0.18890386819839478,0.2730981111526489
5.9607,0.0002799725625663996,0.0004386575019452721,-0.06126708909869194,0.007130181882530451,0.011301277205348015,-1.5513824224472046,0.00054520508274436,0.003137699095532298,0.0011297762393951416,0.0,3.8111438751220703,0.11334468424320221,0.3929605782032013,-0.017179280519485474,0.008632929064333439,0.015284509398043156,-1.0008472204208374,0.0,0.0,0.0,0.0,317.16131591796875,-105.28327941894531,-64.32597351074219,1.3611193895339966,-0.6128134727478027,1.674948811531067,0.9439265727996826,0.8187392354011536,-0.8813486099243164
5.9715,0.0003570048720575869,0.0005586080369539559,-0.07776258885860443,0.008275872096419334,0.012688170187175274,-1.7477166652679443,0.00054520508274436,0.003137699095532298,0.0011297762393951416,0.0,3.8111438751220703,0.11334468424320221,0.3929605782032013,-0.017179280519485474,0.008632929064333439,0.015284509398043156,-1.0008472204208374,0.0,0.0,0.0,0.0,317.16131591796875,-105.28327941894531,-64.32597351074219,2.225827693939209,0.7517768144607544,0.47312915325164795,-2.424755811691284,0.6266576051712036,0.2660702168941498
5.9817,0.00044461293146014214,0.0006917529390193522,-0.09622184187173843,0.009247051551938057,0.013940163888037205,-1.9441334009170532,-0.0007143832626752555,-0.0007318609277717769,0.0038072378374636173,0.0,3.8111438751220703,-0.06639707088470459,0.010418908670544624,-0.1300143003463745,0.006327853538095951,0.012779385782778263,-1.0031777620315552,0.0,0.0,0.0,0.0,317.16131591796875,-105.28327941894531,-64.32597351074219,-0.8723129034042358,1.3967317342758179,0.37124761939048767,0.21287308633327484,-1.957618236541748,0.4074922502040863
5.9916,0.0005404615658335388,0.0008374007302336395,-0.11664566397666931,0.009921937249600887,0.015191322192549706,-2.1406304836273193,-0.0007143832626752555,-0.0007318609277717769,0.0038072378374636173,0.0,3.8111438751220703,-0.06639707088470459,0.010418908670544624,-0.1300143003463745,0.006327853538095951,0.012779385782778263,-1.0031777620315552,0.0,0.0,0.0,0.0,317.16131591796875,-105.28327941894531,-64.32597351074219,1.8786125183105469,-1.462920904159546,1.886279821395874,-0.11767131835222244,-0.2211374044418335,-0.9883632063865662
6.0016,0.000642856233753264,0.000996061833575368,-0.13903386890888214,0.01055282261222601,0.016540242359042168,-2.3370094299316406,-0.0007143832626752555,-0.0007318609277717769,0.0038072378374636173,0.0,3.8111438751220703,-0.06639707088470459,0.010418908670544624,-0.1300143003463745,0.006327853538095951,0.012779385782778263,-1.0031777620315552,0.0,0.0,0.0,0.0,317.16131591796875,-105.28327941894531,-64.32597351074219,-0.1255393773317337,0.4086151421070099,-0.3621811270713806,0.5051403045654297,-0.2774561047554016,-1.265932321548462
6.0125,0.0007526127155870199,0.0011688820086419582,-0.16338536143302917,0.011405211873352528,0.018028363585472107,-2.533290147781372,-0.0007143832626752555,-0.0007318609277717769,0.0038072378374636173,0.0,3.8111438751220703,-0.06639707088470459,0.010418908670544624,-0.1300143003463745,0.006327853538095951,0.012779385782778263,-1.0031777620315552,0.0,0.0,0.0,0.0,317.16131591796875,-105.28327941894531,-64.32597351074219,1.0941696166992188,0.31053289771080017,-1.059269666671753,-0.16461870074272156,1.3618518114089966,-0.347705215215683
6.0215,0.0008709968533366919,0.0013571917079389095,-0.18970078229904175,0.012270763516426086,0.019627587869763374,-2.729792833328247,-0.0007143832626752555,-0.0007318609277717769,0.0038072378374636173,0.0,3.8111438751220703,-0.06639707088470459,0.010418908670544624,-0.1300143003463745,0.006327853538095951,0.012779385782778263,-1.0031777620315552,0.0,0.0,0.0,0.0,317.16131591796875,-105.28327941894531,-64.32597351074219,-1.3736895322799683,0.3151053190231323,-0.8658112287521362,-0.996505081653595,-1.0765749216079712,0.20584578812122345
6.0315,0.0009972330881282687,0.0015606790548190475,-0.21798175573349,0.0129798399284482,0.02106928825378418,-2.926400899887085,-0.0009440944413654506,0.0004999550292268395,0.003705206559970975,0.0,3.8058650493621826,-0.019500114023685455,0.1616395264863968,-0.04694058746099472,0.006906588561832905,0.013436873443424702,-1.0029008388519287,0.0,0.0,0.0,0.0,317.16131591796875,-105.28327941894531,-64.32597351074219,0.38158100843429565,-0.6969771981239319,-0.6963099241256714,0.05794316157698631,0.5406585931777954,-0.21280090510845184
6.0416,0.0011305802036076784,0.0017778464825823903,-0.248228520154953,0.013684744946658611,0.022364092990756035,-3.1229512691497803,-0.0009440944413654506,0.0004999550292268395,0.003705206559970975,0.0,3.8058650493621826,-0.019500114023685455,0.1616395264863968,-0.04694058746099472,0.006906588561832905,0.013436873443424702,-1.0029008388519287,0.0,0.0,0.0,0.0,317.16131591796875,-105.28327941894531,-64.32597351074219,-0.8259407877922058,-0.5759045481681824,-1.1014195680618286,0.18143001198768616,0.08484086394309998,1.0502495765686035
6.0515,0.0012708085123449564,0.002008070470765233,-0.2804405391216278,0.014360902830958366,0.02368420735001564,-3.3194546699523926,-0.0009440944413654506,0.0004999550292268395,0.003705206559970975,0.0,3.8058650493621826,-0.019500114023685455,0.1616395264863968,-0.04694058746099472,0.006906588561832905,0.013436873443424702,-1.0029008388519287,0.0,0.0,0.0,0.0,317.16131591796875,-105.28327941894531,-64.32597351074219,-0.7997525930404663,1.325268030166626,-0.22030794620513916,0.946597158908844,0.545474648475647,0.5357865691184998
6.0615,0.0014179134741425514,0.0022513007279485464,-0.3146172761917114,0.015066012740135193,0.02497079409658909,-3.5158913135528564,-0.0009440944413654506,0.0004999550292268395,0.003705206559970975,0.0,3.8058650493621826,-0.019500114023685455,0.1616395264863968,-0.04694058746099472,0.006906588561832905,0.013436873443424702,-1.0029008388519287,0.0,0.0,0.0,0.0,317.16131591796875,-105.28327941894531,-64.32597351074219,0.2086091786623001,0.33178555965423584,0.0576513446867466,-0.7833765745162964,-1.6585673093795776,-0.32134538888931274
6.0715,0.001571947941556573,0.0025073233991861343,-0.35075846314430237,0.015745166689157486,0.02623995579779148,-3.7123467922210693,-0.0009440944413654506,0.0004999550292268395,0.003705206559970975,0.0,3.8058650493621826,-0.019500114023685455,0.1616395264863968,-0.04694058746099472,0.006906588561832905,0.013436873443424702,-1.0029008388519287,0.0,0.0,0.0,0.0,317.16131591796875,-105.28327941894531,-64.32597351074219,0.9078198671340942,-0.573704719543457,-1.8587766885757446,-0.9875085353851318,1.2735874652862549,0.6783813834190369
6.0815,0.0017333818832412362,0.0027770211454480886,-0.3888638913631439,0.01653406396508217,0.027700698003172874,-3.9087367057800293,0.004993441980332136,-0.00012347869051154703,0.003560468554496765,0.0,3.8111438751220703,0.06013167276978493,0.15224464237689972,0.02687147632241249,0.008274059742689133,0.015510170720517635,-1.0014585256576538,0.0,0.0,0.0,0.0,317.16131591796875,-105.28327941894531,-64.32597351074219,-0.8963832855224609,0.2773354947566986,0.45358356833457947,0.4929813742637634,-1.2342848777770996,-0.12778867781162262
6.0914,0.001903048250824213,0.0030616200529038906,-0.42893293499946594,0.017393453046679497,0.029223022982478142,-4.105073928833008,0.004993441980332136,-0.00012347869051154703,0.003560468554496765,0.0,3.8111438751220703,0.06013167276978493,0.15224464237689972,0.02687147632241249,0.008274059742689133,0.015510170720517635,-1.0014585256576538,0.0,0.0,0.0,0.0,317.16131591796875,-105.28327941894531,-64.32597351074219,0.27284595370292664,0.04610322415828705,0.7243984937667847,-0.46524080634117126,0.2835928201675415,-0.5460420846939087
6.1006,0.0020804216619580984,0.003360957372933626,-0.470965176820755,0.018074972555041313,0.030642015859484673,-4.301374435424805,0.004993441980332136,-0.00012347869051154703,0.003560468554496765,0.0,3.8111438751220703,0.06013167276978493,0.15224464237689972,0.02687147632241249,0.008274059742689133,0.015510170720517635,-1.0014585256576538,0.0,0.0,0.0,0.0,317.16131591796875,-105.28327941894531,-64.32597351074219,0.19115814566612244,-1.0786802768707275,-1.1046009063720703,-0.09250704199075699,-0.3516492247581482,0.8823750019073486
6.1118,0.0022648735903203487,0.0036749730352312326,-0.5149602890014648,0.01880822516977787,0.032160352915525436,-4.497649192810059,0.004993441980332136,-0.00012347869051154703,0.003560468554496765,0.0,3.8111438751220703,0.06013167276978493,0.15224464237689972,0.02687147632241249,0.008274059742689133,0.015510170720517635,-1.0014585256576538,0.0,0.0,0.0,0.0,317.16131591796875,-105.28327941894531,-64.32597351074219,2.301964044570923,0.8421030640602112,1.0959917306900024,-0.7724412083625793,0.12956465780735016,-0.7385680675506592
6.1206,0.0024570277892053127,0.004005398601293564,-0.5609182715415955,0.01962776482105255,0.03391725569963455,-4.693951606750488,0.004993441980332136,-0.00012347869051154703,0.003560468554496765,0.0,3.8111438751220703,0.06013167276978493,0.15224464237689972,0.02687147632241249,0.008274059742689133,0.015510170720517635,-1.0014585256576538,0.0,0.0,0.0,0.0,317.16131591796875,-105.28327941894531,-64.32597351074219,-1.1007132530212402,-0.796807050704956,-0.26318734884262085,-0.06192712485790253,0.9972894787788391,-0.31730321049690247
6.1314,0.0026572507340461016,0.00435286620631814,-0.6088393926620483,0.020415153354406357,0.035577528178691864,-4.890277862548828,0.00391027145087719,-0.005190715193748474,0.004091245122253895,0.0,3.8111438751220703,-0.23852847516536713,-0.160334512591362,-0.057821307331323624,0.010904503986239433,0.013196778483688831,-1.0021858215332031,0.0,0.0,0.0,0.0,317.16131591796875,-105.28327941894531,-64.32597351074219,1.0746114253997803,-1.1258797645568848,0.845626950263977,-0.9023118019104004,0.2220952808856964,-0.6448690891265869
6.1405,0.0028660432435572147,0.004715422168374062,-0.6587240099906921,0.021344028413295746,0.03692670166492462,-5.086647033691406,0.00391027145087719,-0.005190715193748474,0.004091245122253895,0.0,3.8111438751220703,-0.23852847516536713,-0.160334512591362,-0.057821307331323624,0.010904503986239433,0.013196778483688831,-1.0021858215332031,0.0,0.0,0.0,0.0,317.16131591796875,-105.28327941894531,-64.32597351074219,-1.4261057376861572,0.366374671459198,-0.6581615209579468,1.3303639888763428,-0.3569447100162506,-1.1624113321304321
6.1515,0.003084680065512657,0.005091724451631308,-0.7105726003646851,0.02238789014518261,0.038335107266902924,-5.283070087432861,0.00391027145087719,-0.005190715193748474,0.004091245122253895,0.0,3.8111438751220703,-0.23852847516536713,-0.160334512591362,-0.057821307331323624,0.010904503986239433,0.013196778483688831,-1.0021858215332031,0.0,0.0,0.0,0.0,317.16131591796875,-105.28327941894531,-64.32597351074219,0.17531685531139374,3.006685733795166,0.9608296155929565,0.5765001773834229,-2.8569624423980713,-0.5965285897254944
6.1615,0.0033129218500107527,0.00548313744366169,-0.7643846869468689,0.023270124569535255,0.039946675300598145,-5.479348659515381,0.00391027145087719,-0.005190715193748474,0.004091245122253895,0.0,3.8111438751220703,-0.23852847516536713,-0.160334512591362,-0.057821307331323624,0.010904503986239433,0.013196778483688831,-1.0021858215332031,0.0,0.0,0.0,0.0,317.16131591796875,-105.28327941894531,-64.32597351074219,-1.7398853302001953,1.9221112728118896,0.033186644315719604,0.31866735219955444,-1.1397745609283447,-0.22277048230171204
6.1715,0.0035493432078510523,0.00589120015501976,-0.8201603293418884,0.02400953695178032,0.041669346392154694,-5.67577600479126,0.00391027145087719,-0.005190715193748474,0.004091245122253895,0.0,3.8111438751220703,-0.23852847516536713,-0.160334512591362,-0.057821307331323624,0.010904503986239433,0.013196778483688831,-1.0021858215332031,0.0,0.0,0.0,0.0,317.16131591796875,-105.28327941894531,-64.32597351074219,0.7393875122070312,-1.4510902166366577,0.2720573842525482,-0.3846268951892853,-1.630969762802124,-2.4606430530548096
6.1815,0.0037940151523798704,0.006315816659480333,-0.8779014348983765,0.02491891011595726,0.04324949160218239,-5.872446537017822,0.002082712249830365,-0.004379402846097946,0.003327621379867196,0.0,3.8058650493621826,0.23232179880142212,0.24409976601600647,0.033967941999435425,0.0071476418524980545,0.015871036797761917,-1.000181794166565,0.0,0.0,0.0,0.0,317.16131591796875,-105.28327941894531,-64.32597351074219,0.03323027864098549,-0.1753242015838623,1.368158221244812,0.43121954798698425,1.6773591041564941,-0.49437665939331055
6.1915,0.0040471358224749565,0.006755995098501444,-0.9376077651977539,0.025704389438033104,0.044792961329221725,-6.068814754486084,0.002082712249830365,-0.004379402846097946,0.003327621379867196,0.0,3.8058650493621826,0.23232179880142212,0.24409976601600647,0.033967941999435425,0.0071476418524980545,0.015871036797761917,-1.000181794166565,0.0,0.0,0.0,0.0,317.16131591796875,-105.28327941894531,-64.32597351074219,0.27408722043037415,0.9234055280685425,0.3564579486846924,-1.6158335208892822,-0.7522850632667542,-0.06658565998077393
6.2016,0.004308420233428478,0.007211289368569851,-0.9992768168449402,0.026549724861979485,0.04626796394586563,-6.264990329742432,0.002082712249830365,-0.004379402846097946,0.003327621379867196,0.0,3.8058650493621826,0.23232179880142212,0.24409976601600647,0.033967941999435425,0.0071476418524980545,0.015871036797761917,-1.000181794166565,0.0,0.0,0.0,0.0,317.16131591796875,-105.28327941894531,-64.32597351074219,-1.7995116710662842,-0.8191214799880981,0.3223913609981537,1.812667965888977,0.059281472116708755,0.4423399567604065
6.2105,0.0045777359046041965,0.007681264076381922,-1.0629096031188965,0.027308885008096695,0.04773470014333725,-6.461562633514404,0.002082712249830365,-0.004379402846097946,0.003327621379867196,0.0,3.8058650493621826,0.23232179880142212,0.24409976601600647,0.033967941999435425,0.0071476418524980545,0.015871036797761917,-1.000181794166565,0.0,0.0,0.0,0.0,317.16131591796875,-105.28327941894531,-64.32597351074219,1.0759896039962769,-0.02140408754348755,-1.180239200592041,-1.1314117908477783,0.8595194220542908,1.378172516822815
6.2215,0.004854363389313221,0.00816615205258131,-1.1285078525543213,0.028023147955536842,0.04923974350094795,-6.658088684082031,0.002082712249830365,-0.004379402846097946,0.003327621379867196,0.0,3.8058650493621826,0.23232179880142212,0.24409976601600647,0.033967941999435425,0.0071476418524980545,0.015871036797761917,-1.000181794166565,0.0,0.0,0.0,0.0,317.16131591796875,-105.28327941894531,-64.32597351074219,-1.6111133098602295,0.6185399293899536,-0.2020248919725418,1.674478530883789,0.5001744627952576,0.7973857522010803
6.2316,0.0051389578729867935,0.00866684690117836,-1.1960715055465698,0.028901999816298485,0.05090167745947838,-6.854641437530518,0.007686237804591656,-0.0038878018967807293,0.004326141905039549,0.0,3.8111438751220703,0.11298047006130219,0.18795818090438843,0.21595881879329681,0.008979244157671928,0.015161355026066303,-1.002776861190796,0.0,0.0,0.0,0.0,317.16131591796875,-105.28327941894531,-64.32597351074219,-0.026196658611297607,-1.2969974279403687,-0.9234370589256287,0.5890030264854431,0.795677125453949,2.547316312789917
6.2415,0.00543277757242322,0.009183728136122227,-1.2656004428863525,0.02985757775604725,0.052474286407232285,-7.051154613494873,0.007686237804591656,-0.0038878018967807293,0.004326141905039549,0.0,3.8111438751220703,0.11298047006130219,0.18795818090438843,0.21595881879329681,0.008979244157671928,0.015161355026066303,-1.002776861190796,0.0,0.0,0.0,0.0,317.16131591796875,-105.28327941894531,-64.32597351074219,0.8858023881912231,-2.0602073669433594,-0.15899881720542908,-0.21123850345611572,1.24617338180542,0.13167595863342285
6.2515,0.005735172424465418,0.00971580483019352,-1.3370935916900635,0.03061870113015175,0.053943563252687454,-7.2474870681762695,0.007686237804591656,-0.0038878018967807293,0.004326141905039549,0.0,3.8111438751220703,0.11298047006130219,0.18795818090438843,0.21595881879329681,0.008979244157671928,0.015161355026066303,-1.002776861190796,0.0,0.0,0.0,0.0,317.16131591796875,-105.28327941894531,-64.32597351074219,-0.1622556447982788,-0.43589428067207336,0.8602144718170166,0.3725863993167877,-0.44779151678085327,-1.199475884437561
6.2605,0.006044586654752493,0.010262581519782543,-1.4105503559112549,0.03126266226172447,0.055415865033864975,-7.443862438201904,0.007686237804591656,-0.0038878018967807293,0.004326141905039549,0.0,3.8111438751220703,0.11298047006130219,0.18795818090438843,0.21595881879329681,0.008979244157671928,0.015161355026066303,-1.002776861190796,0.0,0.0,0.0,0.0,317.16131591796875,-105.28327941894531,-64.32597351074219,-0.3186769187450409,-0.02758607268333435,0.4890810549259186,0.9685854315757751,1.0639917850494385,-0.6334260702133179
6.2705,0.006360852625221014,0.01082437764853239,-1.4859708547592163,0.031995050609111786,0.056947894394397736,-7.64023494720459,0.007686237804591656,-0.0038878018967807293,0.004326141905039549,0.0,3.8111438751220703,0.11298047006130219,0.18795818090438843,0.21595881879329681,0.008979244157671928,0.015161355026066303,-1.002776861190796,0.0,0.0,0.0,0.0,317.16131591796875,-105.28327941894531,-64.32597351074219,-1.6151185035705566,-0.7336781024932861,0.48340490460395813,0.2007475048303604,1.4958385229110718,0.024287959560751915
6.2815,0.00668382178992033,0.011402059346437454,-1.5633559226989746,0.032601889222860336,0.05859539285302162,-7.836781978607178,0.0148666026070714,-0.005266373511403799,0.005141095258295536,0.0,3.8111438751220703,0.3363851010799408,-0.15721185505390167,-0.06354635953903198,0.006428329274058342,0.013564088381826878,-1.003859281539917,0.0,0.0,0.0,0.0,317.16131591796875,-105.28327941894531,-64.32597351074219,1.2870845794677734,0.27996984124183655,0.22802506387233734,0.4527740776538849,-0.44421079754829407,-0.7129064798355103
6.2906,0.00701305503025651,0.01199562381953001,-1.6427067518234253,0.03324924409389496,0.060119327157735825,-8.0333890914917,0.0148666026070714,-0.005266373511403799,0.005141095258295536,0.0,3.8111438751220703,0.3363851010799408,-0.15721185505390167,-0.06354635953903198,0.006428329274058342,0.013564088381826878,-1.003859281539917,0.0,0.0,0.0,0.0,317.16131591796875,-105.28327941894531,-64.32597351074219,-0.7957879304885864,0.6438460946083069,-0.1915561854839325,0.7753567099571228,-0.5778390765190125,-0.434201717376709
6.3005,0.007348277140408754,0.012603401206433773,-1.7240235805511475,0.033800188452005386,0.061443354934453964,-8.22996997833252,0.0148666026070714,-0.005266373511403799,0.005141095258295536,0.0,3.8111438751220703,0.3363851010799408,-0.15721185505390167,-0.06354635953903198,0.006428329274058342,0.013564088381826878,-1.003859281539917,0.0,0.0,0.0,0.0,317.16131591796875,-105.28327941894531,-64.32597351074219,-0.09464669972658157,-1.5804167985916138,-0.7525726556777954,-0.590317964553833,1.2425957918167114,0.9846978783607483
6.3106,0.008040523156523705,0.013861493207514286,-1.8925524950027466,0.03543654829263687,0.06441143900156021,-8.622764587402344,0.0148666026070714,-0.005266373511403799,0.005141095258295536,0.0,3.8111438751220703,0.3363851010799408,-0.15721185505390167,-0.06354635953903198,0.006428329274058342,0.013564088381826878,-1.003859281539917,0.0,0.0,0.0,0.0,317.16131591796875,-105.28327941894531,-64.32597351074219,-1.6827367544174194,0.7627066969871521,-0.6637580394744873,0.548101007938385,0.3289012014865875,0.8539029359817505
6.3205,0.008040523156523705,0.013861493207514286,-1.8925524950027466,0.03543654829263687,0.06441143900156021,-8.622764587402344,0.0148666026070714,-0.005266373511403799,0.005141095258295536,0.0,3.8111438751220703,0.3363851010799408,-0.15721185505390167,-0.06354635953903198,0.006428329274058342,0.013564088381826878,-1.003859281539917,0.0,0.0,0.0,0.0,317.16131591796875,-105.28327941894531,-64.32597351074219,-0.652510941028595,-1.8451523780822754,-1.3877675533294678,-0.028710810467600822,1.1592217683792114,0.38540616631507874
6.3316,0.008764015510678291,0.015182246454060078,-2.068931818008423,0.03700434789061546,0.0676484927535057,-9.015219688415527,0.02025270275771618,-0.004023598041385412,0.005838755518198013,0.0,3.8058650493621826,-0.04941995069384575,-0.025843653827905655,-0.2242426872253418,0.009407860226929188,0.014998868107795715,-1.0007143020629883,0.0,0.0,0.0,0.0,317.16131591796875,-105.28327941894531,-64.32597351074219,-0.030945081263780594,1.046139121055603,-1.8532394170761108,-0.36023157835006714,-0.786535382270813,1.10017991065979
6.3405,0.008764015510678291,0.015182246454060078,-2.068931818008423,0.03700434789061546,0.0676484927535057,-9.015219688415527,0.02025270275771618,-0.004023598041385412,0.005838755518198013,0.0,3.8058650493621826,-0.04941995069384575,-0.025843653827905655,-0.2242426872253418,0.009407860226929188,0.014998868107795715,-1.0007143020629883,0.0,0.0,0.0,0.0,317.16131591796875,-105.28327941894531,-64.32597351074219,0.5680535435676575,-0.3854530155658722,-1.0622625350952148,0.9795768857002258,-0.6058540344238281,2.1208624839782715
6.3515,0.00952034629881382,0.016564102843403816,-2.2531635761260986,0.03853609040379524,0.07051598280668259,-9.408029556274414,0.02025270275771618,-0.004023598041385412,0.005838755518198013,0.0,3.8058650493621826,-0.04941995069384575,-0.025843653827905655,-0.2242426872253418,0.009407860226929188,0.014998868107795715,-1.0007143020629883,0.0,0.0,0.0,0.0,317.16131591796875,-105.28327941894531,-64.32597351074219,-1.285789966583252,-0.8632460832595825,-1.9815248250961304,-0.15274900197982788,-1.9362176656723022,0.9772260189056396
6.3605,0.00952034629881382,0.016564102843403816,-2.2531635761260986,0.03853609040379524,0.07051598280668259,-9.408029556274414,0.02025270275771618,-0.004023598041385412,0.005838755518198013,0.0,3.8058650493621826,-0.04941995069384575,-0.025843653827905655,-0.2242426872253418,0.009407860226929188,0.014998868107795715,-1.0007143020629883,0.0,0.0,0.0,0.0,317.16131591796875,-105.28327941894531,-64.32597351074219,0.3685799539089203,-0.4096258282661438,0.7550565004348755,0.6890096068382263,0.7404314279556274,0.8991944789886475
6.3716,0.010308900848031044,0.01800660975277424,-2.4452545642852783,0.040346067398786545,0.0738133117556572,-9.801007270812988,0.02025270275771618,-0.004023598041385412,0.005838755518198013,0.0,3.8058650493621826,-0.04941995069384575,-0.025843653827905655,-0.2242426872253418,0.009407860226929188,0.014998868107795715,-1.0007143020629883,0.0,0.0,0.0,0.0,317.16131591796875,-105.28327941894531,-64.32597351074219,1.902079701423645,1.4816831350326538,1.1043431758880615,-1.0138543844223022,0.6355051398277283,-0.2133026272058487
6.3805,0.010308900848031044,0.01800660975277424,-2.4452545642852783,0.040346067398786545,0.0738133117556572,-9.801007270812988,0.02634645439684391,-0.0016532093286514282,0.003844225313514471,0.0,3.8111438751220703,0.033703118562698364,0.18372614681720734,0.010511978529393673,0.008299434557557106,0.014871581457555294,-1.0037230253219604,0.0,0.0,0.0,0.0,317.16131591796875,-105.28327941894531,-64.32597351074219,1.764127254486084,1.146099328994751,1.104134202003479,-1.8857325315475464,-1.0712677240371704,-1.3044054508209229
6.3904,0.01113278977572918,0.019513141363859177,-2.6452066898345947,0.0419992059469223,0.07680211216211319,-10.194232940673828,0.02634645439684391,-0.0016532093286514282,0.003844225313514471,0.0,3.8111438751220703,0.033703118562698364,0.18372614681720734,0.010511978529393673,0.008299434557557106,0.014871581457555294,-1.0037230253219604,0.0,0.0,0.0,0.0,317.16131591796875,-105.28327941894531,-64.32597351074219,-1.4685869216918945,0.0751887634396553,1.3935974836349487,-0.8626537919044495,-0.917199432849884,-3.7436447143554688
6.4006,0.0,0.0,0.0,0.0,0.0,0.0,0.02634645439684391,-0.0016532093286514282,0.003844225313514471,0.0,3.8111438751220703,0.033703118562698364,0.18372614681720734,0.010511978529393673,0.008299434557557106,0.014871581457555294,-1.0037230253219604,0.0,0.0,0.0,0.0,317.16131591796875,-105.28327941894531,-64.32597351074219,-0.13388270139694214,0.5343538522720337,1.2385913133621216,0.9327256679534912,-1.1108728647232056,-1.8524982929229736
6.4116,1.5573408745694906e-05,3.0452036298811436e-05,-0.003935006447136402,0.0015900791622698307,0.003040122566744685,-0.3933640718460083,0.02634645439684391,-0.0016532093286514282,0.003844225313514471,0.0,3.8111438751220703,0.033703118562698364,0.18372614681720734,0.010511978529393673,0.008299434557557106,0.014871581457555294,-1.0037230253219604,0.0,0.0,0.0,0.0,317.16131591796875,-105.28327941894531,-64.32597351074219,0.18600662052631378,1.5835586786270142,1.0347596406936646,-0.41687631607055664,0.47963133454322815,-1.1280161142349243
6.4205,1.5573408745694906e-05,3.0452036298811436e-05,-0.003935006447136402,0.0015900791622698307,0.003040122566744685,-0.3933640718460083,0.02634645439684391,-0.0016532093286514282,0.003844225313514471,0.0,3.8111438751220703,0.033703118562698364,0.18372614681720734,0.010511978529393673,0.008299434557557106,0.014871581457555294,-1.0037230253219604,0.0,0.0,0.0,0.0,317.16131591796875,-105.28327941894531,-64.32597351074219,-0.48506036400794983,-0.03009858727455139,-0.49261757731437683,0.6704040169715881,-2.472787380218506,1.2376338243484497
6.4314,6.195942114572972e-05,0.00011850560258608311,-0.015733793377876282,0.00301311444491148,0.005744511727243662,-0.7865008115768433,9.442921873414889e-05,0.0032419597264379263,-0.00013427935482468456,0.0,3.8111438751220703,0.24571920931339264,0.33357948064804077,-0.021982228383421898,0.007482433225959539,0.01419968344271183,-1.0037624835968018,0.0,0.0,0.0,0.0,317.16131591796875,-105.28327941894531,-64.32597351074219,1.2565070390701294,1.5516129732131958,0.3275279998779297,0.7234397530555725,0.3549588620662689,-0.0712997242808342
6.4405,6.195942114572972e-05,0.00011850560258608311,-0.015733793377876282,0.00301311444491148,0.005744511727243662,-0.7865008115768433,9.442921873414889e-05,0.0032419597264379263,-0.00013427935482468456,0.0,3.8111438751220703,0.24571920931339264,0.33357948064804077,-0.021982228383421898,0.007482433225959539,0.01419968344271183,-1.0037624835968018,0.0,0.0,0.0,0.0,317.16131591796875,-105.28327941894531,-64.32597351074219,0.15387403964996338,1.995544672012329,-0.1423770785331726,-0.41512468457221985,-2.4135382175445557,-1.3012953996658325
6.4505,0.00013950075663160533,0.000263843045104295,-0.035393573343753815,0.004679705016314983,0.0087770726531744,-1.1794211864471436,9.442921873414889e-05,0.0032419597264379263,-0.00013427935482468456,0.0,3.8111438751220703,0.24571920931339264,0.33357948064804077,-0.021982228383421898,0.007482433225959539,0.01419968344271183,-1.0037624835968018,0.0,0.0,0.0,0.0,317.16131591796875,-105.28327941894531,-64.32597351074219,-1.0339823961257935,-1.19683039188385,2.310124397277832,-0.218027263879776,-1.185616374015808,-1.7062606811523438
6.4606,0.00013950075663160533,0.000263843045104295,-0.035393573343753815,0.004679705016314983,0.0087770726531744,-1.1794211864471436,9.442921873414889e-05,0.0032419597264379263,-0.00013427935482468456,0.0,3.8111438751220703,0.24571920931339264,0.33357948064804077,-0.021982228383421898,0.007482433225959539,0.01419968344271183,-1.0037624835968018,0.0,0.0,0.0,0.0,317.16131591796875,-105.28327941894531,-64.32597351074219,-0.45297226309776306,-0.31103432178497314,-0.7042426466941833,-0.19914504885673523,1.5951998233795166,-1.4856393337249756
6.4715,0.0002490496262907982,0.00046957016456872225,-0.06290952116250992,0.006260664202272892,0.011803224682807922,-1.5721958875656128,9.442921873414889e-05,0.0032419597264379263,-0.00013427935482468456,0.0,3.8111438751220703,0.24571920931339264,0.33357948064804077,-0.021982228383421898,0.007482433225959539,0.01419968344271183,-1.0037624835968018,0.0,0.0,0.0,0.0,317.16131591796875,-105.28327941894531,-64.32597351074219,0.9959474802017212,0.800668478012085,-0.008258342742919922,1.2199915647506714,0.9040049910545349,0.7626909613609314
6.4815,0.0002490496262907982,0.00046957016456872225,-0.06290952116250992,0.006260664202272892,0.011803224682807922,-1.5721958875656128,0.0019934976007789373,-0.001911880448460579,-0.002027925569564104,0.0,3.8111438751220703,0.5341887474060059,-0.27527129650115967,0.04225907102227211,0.007792550604790449,0.015254659578204155,-1.0009021759033203,0.0,0.0,0.0,0.0,317.16131591796875,-105.28327941894531,-64.32597351074219,0.47346314787864685,0.37070152163505554,0.6596925258636475,1.0170106887817383,-1.10344398021698,0.04018319025635719
6.4915,0.00038927531568333507,0.0007351302774623036,-0.09828001260757446,0.00772352097555995,0.014828125946223736,-1.9647718667984009,0.0019934976007789373,-0.001911880448460579,-0.002027925569564104,0.0,3.8111438751220703,0.5341887474060059,-0.27527129650115967,0.04225907102227211,0.007792550604790449,0.015254659578204155,-1.0009021759033203,0.0,0.0,0.0,0.0,317.16131591796875,-105.28327941894531,-64.32597351074219,0.499034583568573,-1.7939014434814453,-0.06491120159626007,-0.6160976886749268,1.0729999542236328,-0.19574353098869324
6.5005,0.00038927531568333507,0.0007351302774623036,-0.09828001260757446,0.00772352097555995,0.014828125946223736,-1.9647718667984009,0.0019934976007789373,-0.001911880448460579,-0.002027925569564104,0.0,3.8111438751220703,0.5341887474060059,-0.27527129650115967,0.04225907102227211,0.007792550604790449,0.015254659578204155,-1.0009021759033203,0.0,0.0,0.0,0.0,317.16131591796875,-105.28327941894531,-64.32597351074219,0.22119969129562378,0.43707823753356934,0.6011509299278259,0.03980281203985214,1.0906559228897095,1.2234063148498535
6.5116,0.0005599079304374754,0.001060499344021082,-0.14150041341781616,0.009330878965556622,0.017684366554021835,-2.357257127761841,0.0019934976007789373,-0.001911880448460579,-0.002027925569564104,0.0,3.8111438751220703,0.5341887474060059,-0.27527129650115967,0.04225907102227211,0.007792550604790449,0.015254659578204155,-1.0009021759033203,0.0,0.0,0.0,0.0,317.16131591796875,-105.28327941894531,-64.32597351074219,0.7641604542732239,-1.1199511289596558,-2.8997416496276855,-0.0056008570827543736,-0.7905051708221436,0.026788095012307167
6.5206,0.0005599079304374754,0.001060499344021082,-0.14150041341781616,0.009330878965556622,0.017684366554021835,-2.357257127761841,0.0019934976007789373,-0.001911880448460579,-0.002027925569564104,0.0,3.8111438751220703,0.5341887474060059,-0.27527129650115967,0.04225907102227211,0.007792550604790449,0.015254659578204155,-1.0009021759033203,0.0,0.0,0.0,0.0,317.16131591796875,-105.28327941894531,-64.32597351074219,-0.8063317537307739,0.29395872354507446,-0.9885990619659424,1.1118173599243164,2.3628718852996826,-0.8342507481575012
6.5305,0.0007619307143613696,0.0014433569740504026,-0.19257239997386932,0.010840760543942451,0.020621348172426224,-2.7500147819519043,0.008528067730367184,-0.0049277362413704395,-0.0009501395397819579,0.0,3.8111438751220703,0.00102775520645082,-0.16225562989711761,-0.1194169893860817,0.008240731433033943,0.01415709126740694,-1.001786708831787,0.0,0.0,0.0,0.0,317.16131591796875,-105.28327941894531,-64.32597351074219,-0.4275568723678589,0.451601505279541,-1.3646681308746338,1.3719853162765503,-2.913912534713745,0.37681496143341064
6.5416,0.0007619307143613696,0.0014433569740504026,-0.19257239997386932,0.010840760543942451,0.020621348172426224,-2.7500147819519043,0.008528067730367184,-0.0049277362413704395,-0.0009501395397819579,0.0,3.8111438751220703,0.00102775520645082,-0.16225562989711761,-0.1194169893860817,0.008240731433033943,0.01415709126740694,-1.001786708831787,0.0,0.0,0.0,0.0,317.16131591796875,-105.28327941894531,-64.32597351074219,0.5120151042938232,-0.21752604842185974,-0.09472000598907471,-0.366720587015152,-1.9934334754943848,1.4781835079193115
6.5506,0.0009953731205314398,0.001882099430076778,-0.25150084495544434,0.012463481165468693,0.023213420063257217,-3.142930507659912,0.008528067730367184,-0.0049277362413704395,-0.0009501395397819579,0.0,3.8111438751220703,0.00102775520645082,-0.16225562989711761,-0.1194169893860817,0.008240731433033943,0.01415709126740694,-1.001786708831787,0.0,0.0,0.0,0.0,317.16131591796875,-105.28327941894531,-64.32597351074219,-0.08772248029708862,0.67104572057724,1.3294118642807007,-0.053703781217336655,-0.14667066931724548,-0.6508463621139526
6.5606,0.0009953731205314398,0.001882099430076778,-0.25150084495544434,0.012463481165468693,0.023213420063257217,-3.142930507659912,0.008528067730367184,-0.0049277362413704395,-0.0009501395397819579,0.0,3.8111438751220703,0.00102775520645082,-0.16225562989711761,-0.1194169893860817,0.008240731433033943,0.01415709126740694,-1.001786708831787,0.0,0.0,0.0,0.0,317.16131591796875,-105.28327941894531,-64.32597351074219,-0.9123765230178833,0.3626239597797394,-0.5432009696960449,0.5983933210372925,0.6421733498573303,-0.48918670415878296
6.5716,0.0011368710547685623,0.002145179081708193,-0.28726160526275635,0.013260281644761562,0.024625208228826523,-3.359027147293091,0.008528067730367184,-0.0049277362413704395,-0.0009501395397819579,0.0,3.8111438751220703,0.00102775520645082,-0.16225562989711761,-0.1194169893860817,0.008240731433033943,0.01415709126740694,-1.001786708831787,0.0,0.0,0.0,0.0,317.16131591796875,-105.28327941894531,-64.32597351074219,2.954110622406006,0.3813684582710266,0.9852918386459351,0.4720222055912018,-0.16331206262111664,1.0716369152069092
6.5805,0.0012730525340884924,0.0023983982391655445,-0.32183393836021423,0.01396653801202774,0.02601713500916958,-3.555438280105591,0.010070594027638435,-0.008000646717846394,-0.0038374904543161392,0.0,3.8111438751220703,-0.19355638325214386,0.16995155811309814,-0.1405322402715683,0.009463845752179623,0.017144208773970604,-1.0031651258468628,0.0,0.0,0.0,0.0,317.16131591796875,-105.28327941894531,-64.32597351074219,-1.4044638872146606,1.2193259000778198,-0.3264729380607605,-1.3066473007202148,-0.7095782160758972,-1.174502968788147
6.5905,0.0014173852978274226,0.0026667362544685602,-0.35837048292160034,0.014898060820996761,0.027652088552713394,-3.7518675327301025,0.010070594027638435,-0.008000646717846394,-0.0038374904543161392,0.0,3.8111438751220703,-0.19355638325214386,0.16995155811309814,-0.1405322402715683,0.009463845752179623,0.017144208773970604,-1.0031651258468628,0.0,0.0,0.0,0.0,317.16131591796875,-105.28327941894531,-64.32597351074219,1.9242817163467407,-0.9611304402351379,-0.04833535850048065,1.074540376663208,0.15305517613887787,0.7880024313926697
6.6005,0.0015699299983680248,0.0029512415640056133,-0.396871417760849,0.015607836656272411,0.029243147000670433,-3.9483163356781006,0.010070594027638435,-0.008000646717846394,-0.0038374904543161392,0.0,3.8111438751220703,-0.19355638325214386,0.16995155811309814,-0.1405322402715683,0.009463845752179623,0.017144208773970604,-1.0031651258468628,0.0,0.0,0.0,0.0,317.16131591796875,-105.28327941894531,-64.32597351074219,1.6963738203048706,0.7587001323699951,1.121570348739624,-1.439780354499817,-0.06868066638708115,-1.3237987756729126
6.6105,0.001730194315314293,0.00325083639472723,-0.437336266040802,0.016444465145468712,0.03068016655743122,-4.144654273986816,0.010070594027638435,-0.008000646717846394,-0.0038374904543161392,0.0,3.8111438751220703,-0.19355638325214386,0.16995155811309814,-0.1405322402715683,0.009463845752179623,0.017144208773970604,-1.0031651258468628,0.0,0.0,0.0,0.0,317.16131591796875,-105.28327941894531,-64.32597351074219,1.6581872701644897,-0.26440656185150146,1.7729755640029907,-2.0791566371917725,1.1038020849227905,-0.2973194718360901
6.6215,0.001898568356409669,0.0035648480989038944,-0.479765385389328,0.017223387956619263,0.03212494030594826,-4.341168403625488,0.010070594027638435,-0.008000646717846394,-0.0038374904543161392,0.0,3.8111438751220703,-0.19355638325214386,0.16995155811309814,-0.1405322402715683,0.009463845752179623,0.017144208773970604,-1.0031651258468628,0.0,0.0,0.0,0.0,317.16131591796875,-105.28327941894531,-64.32597351074219,-0.0652194619178772,0.7877435088157654,-0.1238688975572586,-0.4588635265827179,0.22604967653751373,0.8963311910629272
6.6305,0.002074245596304536,0.003894404275342822,-0.5241597294807434,0.017914311960339546,0.03377828001976013,-4.537702560424805,0.009616977535188198,-0.012065735645592213,-0.0017738412134349346,0.0,3.8058650493621826,-0.01689484715461731,-0.004645539913326502,0.000527223281096667,0.00980208907276392,0.015189165249466896,-1.0031501054763794,0.0,0.0,0.0,0.0,317.16131591796875,-105.28327941894531,-64.32597351074219,-0.5137849450111389,0.9855217933654785,-1.0269709825515747,0.0013459938345476985,-1.498989224433899,-0.4954535663127899
6.6406,0.0022581228986382484,0.004239886533468962,-0.5705194473266602,0.018862158060073853,0.03531758859753609,-4.734238147735596,0.009616977535188198,-0.012065735645592213,-0.0017738412134349346,0.0,3.8058650493621826,-0.01689484715461731,-0.004645539913326502,0.000527223281096667,0.00980208907276392,0.015189165249466896,-1.0031501054763794,0.0,0.0,0.0,0.0,317.16131591796875,-105.28327941894531,-64.32597351074219,-1.9477050304412842,1.1015583276748657,0.9899303913116455,-0.03275088593363762,-1.317036509513855,-0.2393387109041214
6.6505,0.0024500491563230753,0.004600530490279198,-0.6188445687294006,0.019525976851582527,0.036815233528614044,-4.930783271789551,0.009616977535188198,-0.012065735645592213,-0.0017738412134349346,0.0,3.8058650493621826,-0.01689484715461731,-0.004645539913326502,0.000527223281096667,0.00980208907276392,0.015189165249466896,-1.0031501054763794,0.0,0.0,0.0,0.0,317.16131591796875,-105.28327941894531,-64.32597351074219,0.8782433271408081,1.583484411239624,0.9705445766448975,2.0151281356811523,0.13649067282676697,0.07510615885257721
6.6615,0.002648616675287485,0.004976815544068813,-0.6691350936889648,0.02018384262919426,0.03844425082206726,-5.127318859100342,0.009616977535188198,-0.012065735645592213,-0.0017738412134349346,0.0,3.8058650493621826,-0.01689484715461731,-0.004645539913326502,0.000527223281096667,0.00980208907276392,0.015189165249466896,-1.0031501054763794,0.0,0.0,0.0,0.0,317.16131591796875,-105.28327941894531,-64.32597351074219,1.7147817611694336,-2.7609753608703613,-1.8012750148773193,-0.6231710910797119,1.9415409564971924,-0.6808528900146484
6.6706,0.0028559367638081312,0.005369397811591625,-0.7213894128799438,0.021276455372571945,0.040071871131658554,-5.323544979095459,0.009616977535188198,-0.012065735645592213,-0.0017738412134349346,0.0,3.8058650493621826,-0.01689484715461731,-0.004645539913326502,0.000527223281096667,0.00980208907276392,0.015189165249466896,-1.0031501054763794,0.0,0.0,0.0,0.0,317.16131591796875,-105.28327941894531,-64.32597351074219,-0.0510651171207428,-0.7490001320838928,0.39763808250427246,-1.6511410474777222,0.01470342930406332,-0.908491849899292
6.6816,0.0030732520390301943,0.005777061451226473,-0.7756065130233765,0.022189607843756676,0.0414612852036953,-5.519872665405273,0.012788995169103146,-0.013832967728376389,-0.00012605925439856946,0.0,3.8111438751220703,0.10333932191133499,0.21292684972286224,-0.018853727728128433,0.007754965219646692,0.014138833619654179,-1.0040006637573242,0.0,0.0,0.0,0.0,317.16131591796875,-105.28327941894531,-64.32597351074219,-2.9963738918304443,-1.1670482158660889,-0.39833325147628784,1.1744097471237183,2.8334906101226807,0.29643943905830383
6.6916,0.003298860974609852,0.006198774091899395,-0.8317881226539612,0.022931773215532303,0.04288797453045845,-5.716453552246094,0.012788995169103146,-0.013832967728376389,-0.00012605925439856946,0.0,3.8111438751220703,0.10333932191133499,0.21292684972286224,-0.018853727728128433,0.007754965219646692,0.014138833619654179,-1.0040006637573242,0.0,0.0,0.0,0.0,317.16131591796875,-105.28327941894531,-64.32597351074219,0.17672619223594666,-0.18929602205753326,1.1140817403793335,2.142686367034912,0.4955345392227173,0.3056221008300781
6.7005,0.003532115835696459,0.00663503585383296,-0.8899358510971069,0.023717956617474556,0.0443609356880188,-5.913096904754639,0.012788995169103146,-0.013832967728376389,-0.00012605925439856946,0.0,3.8111438751220703,0.10333932191133499,0.21292684972286224,-0.018853727728128433,0.007754965219646692,0.014138833619654179,-1.0040006637573242,0.0,0.0,0.0,0.0,317.16131591796875,-105.28327941894531,-64.32597351074219,0.31736883521080017,0.6515843272209167,1.3635097742080688,0.31899237632751465,0.1549995392560959,-2.070483684539795
6.7105,0.0037730939220637083,0.007086685858666897,-0.9500497579574585,0.024487052112817764,0.04596977308392525,-6.109682083129883,0.012788995169103146,-0.013832967728376389,-0.00012605925439856946,0.0,3.8111438751220703,0.10333932191133499,0.21292684972286224,-0.018853727728128433,0.007754965219646692,0.014138833619654179,-1.0040006637573242,0.0,0.0,0.0,0.0,317.16131591796875,-105.28327941894531,-64.32597351074219,1.6659575700759888,-0.5759081840515137,1.0101860761642456,0.15131452679634094,-1.0864075422286987,0.46010228991508484
6.7206,0.004021616652607918,0.007554262410849333,-1.0121283531188965,0.025220157578587532,0.04754510521888733,-6.306031227111816,0.012788995169103146,-0.013832967728376389,-0.00012605925439856946,0.0,3.8111438751220703,0.10333932191133499,0.21292684972286224,-0.018853727728128433,0.007754965219646692,0.014138833619654179,-1.0040006637573242,0.0,0.0,0.0,0.0,317.16131591796875,-105.28327941894531,-64.32597351074219,-0.58042973279953,-0.4814322590827942,-1.8392173051834106,-1.3632926940917969,1.8003596067428589,0.6283400654792786
6.7316,0.004276819992810488,0.008037381805479527,-1.0761700868606567,0.025824476033449173,0.049081023782491684,-6.502321243286133,0.016845567151904106,-0.011647269129753113,-0.0007957444759085774,0.0,3.8058650493621826,0.3429252505302429,0.1938621997833252,0.28357571363449097,0.007243110332638025,0.013350676745176315,-1.003173589706421,0.0,0.0,0.0,0.0,317.16131591796875,-105.28327941894531,-64.32597351074219,-0.33182746171951294,-1.2671934366226196,1.244774341583252,4.125827789306641,0.9119556546211243,2.138801336288452
6.7405,0.004538294393569231,0.00853496603667736,-1.142175555229187,0.026463551446795464,0.050437044352293015,-6.698772430419922,0.016845567151904106,-0.011647269129753113,-0.0007957444759085774,0.0,3.8058650493621826,0.3429252505302429,0.1938621997833252,0.28357571363449097,0.007243110332638025,0.013350676745176315,-1.003173589706421,0.0,0.0,0.0,0.0,317.16131591796875,-105.28327941894531,-64.32597351074219,0.27835044264793396,0.1617172658443451,2.0403811931610107,0.3237636983394623,0.10836926847696304,-1.0541998147964478
6.7507,0.004806704819202423,0.009046913124620914,-1.2101448774337769,0.027217132970690727,0.0519542433321476,-6.895081043243408,0.016845567151904106,-0.011647269129753113,-0.0007957444759085774,0.0,3.8058650493621826,0.3429252505302429,0.1938621997833252,0.28357571363449097,0.007243110332638025,0.013350676745176315,-1.003173589706421,0.0,0.0,0.0,0.0,317.16131591796875,-105.28327941894531,-64.32597351074219,0.7685167789459229,0.1670735478401184,-0.7310682535171509,-1.1212557554244995,-0.19019445776939392,0.05853687971830368
6.7605,0.005083121359348297,0.009573562070727348,-1.2800782918930054,0.028067121282219887,0.053374018520116806,-7.0916008949279785,0.016845567151904106,-0.011647269129753113,-0.0007957444759085774,0.0,3.8058650493621826,0.3429252505302429,0.1938621997833252,0.28357571363449097,0.007243110332638025,0.013350676745176315,-1.003173589706421,0.0,0.0,0.0,0.0,317.16131591796875,-105.28327941894531,-64.32597351074219,-0.8082113265991211,0.7021023631095886,0.3365932106971741,-0.48506349325180054,-0.16077490150928497,-0.37578490376472473
6.7705,0.005367814563214779,0.01011391170322895,-1.351976752281189,0.028874322772026062,0.054699525237083435,-7.288088798522949,0.016845567151904106,-0.011647269129753113,-0.0007957444759085774,0.0,3.8058650493621826,0.3429252505302429,0.1938621997833252,0.28357571363449097,0.007243110332638025,0.013350676745176315,-1.003173589706421,0.0,0.0,0.0,0.0,317.16131591796875,-105.28327941894531,-64.32597351074219,0.9499795436859131,0.03360484167933464,0.29925963282585144,-1.3146623373031616,-0.08669450134038925,0.21612724661827087
6.7806,0.005660410970449448,0.010667795315384865,-1.4258408546447754,0.029646292328834534,0.05606825649738312,-7.4847283363342285,0.019127866253256798,-0.015197627246379852,-0.0013309655478224158,0.0,3.8111438751220703,0.05354012921452522,0.157846137881279,0.048858385533094406,0.00724648404866457,0.015934674069285393,-1.0033880472183228,0.0,0.0,0.0,0.0,317.16131591796875,-105.28327941894531,-64.32597351074219,0.21447962522506714,0.24334198236465454,-0.43649357557296753,-0.43341943621635437,-0.507726788520813,0.9717193245887756
6.7905,0.00596050126478076,0.01123634073883295,-1.5016708374023438,0.030368996784090996,0.05763879790902138,-7.681264400482178,0.019127866253256798,-0.015197627246379852,-0.0013309655478224158,0.0,3.8111438751220703,0.05354012921452522,0.157846137881279,0.048858385533094406,0.00724648404866457,0.015934674069285393,-1.0033880472183228,0.0,0.0,0.0,0.0,317.16131591796875,-105.28327941894531,-64.32597351074219,-0.5942938327789307,1.9630907773971558,-1.6006793975830078,-0.5717394948005676,-1.7147787809371948,-0.07982970774173737
6.8005,0.006267424672842026,0.011820537969470024,-1.5794647932052612,0.031017588451504707,0.05919535085558891,-7.877536296844482,0.019127866253256798,-0.015197627246379852,-0.0013309655478224158,0.0,3.8111438751220703,0.05354012921452522,0.157846137881279,0.048858385533094406,0.00724648404866457,0.015934674069285393,-1.0033880472183228,0.0,0.0,0.0,0.0,317.16131591796875,-105.28327941894531,-64.32597351074219,1.8652302026748657,1.2499526739120483,1.451187014579773,-0.9499236941337585,-0.8209813833236694,-1.878685474395752
6.8106,0.006580633111298084,0.012420875951647758,-1.6592214107513428,0.03162248805165291,0.06087162345647812,-8.073793411254883,0.019127866253256798,-0.015197627246379852,-0.0013309655478224158,0.0,3.8111438751220703,0.05354012921452522,0.157846137881279,0.048858385533094406,0.00724648404866457,0.015934674069285393,-1.0033880472183228,0.0,0.0,0.0,0.0,317.16131591796875,-105.28327941894531,-64.32597351074219,-1.792320728302002,-2.5957837104797363,-1.4281666278839111,-2.192380666732788,-2.049741744995117,-0.46046239137649536
6.8205,0.006899591535329819,0.013037442229688168,-1.7409418821334839,0.03217415139079094,0.06244003400206566,-8.270296096801758,0.019127866253256798,-0.015197627246379852,-0.0013309655478224158,0.0,3.8111438751220703,0.05354012921452522,0.157846137881279,0.048858385533094406,0.00724648404866457,0.015934674069285393,-1.0033880472183228,0.0,0.0,0.0,0.0,317.16131591796875,-105.28327941894531,-64.32597351074219,1.4336179494857788,0.4307626783847809,-1.7674543857574463,1.0259050130844116,1.9420465230941772,0.018009914085268974
6.8306,0.007225153502076864,0.013668219558894634,-1.82462739944458,0.03293367102742195,0.0637139305472374,-8.466796875,0.019699998199939728,-0.019298290833830833,0.0029100473038852215,0.0,3.8111438751220703,-0.10750236362218857,0.2721508741378784,0.042977865785360336,0.008109628222882748,0.013673394918441772,-1.0019632577896118,0.0,0.0,0.0,0.0,317.16131591796875,-105.28327941894531,-64.32597351074219,-2.00773549079895,0.5311912894248962,-0.08788248896598816,-0.1578764021396637,-0.2806624174118042,1.7378419637680054
6.8406,0.007558321580290794,0.014311958104372025,-1.9102774858474731,0.03369450196623802,0.06503535062074661,-8.663225173950195,0.019699998199939728,-0.019298290833830833,0.0029100473038852215,0.0,3.8111438751220703,-0.10750236362218857,0.2721508741378784,0.042977865785360336,0.008109628222882748,0.013673394918441772,-1.0019632577896118,0.0,0.0,0.0,0.0,317.16131591796875,-105.28327941894531,-64.32597351074219,1.6738780736923218,0.6570106744766235,1.5195013284683228,1.4586352109909058,0.6222569346427917,-0.5308741927146912
6.8516,0.007900066673755646,0.01496926974505186,-1.9978916645050049,0.03465602546930313,0.06642597913742065,-8.859606742858887,0.019699998199939728,-0.019298290833830833,0.0029100473038852215,0.0,3.8111438751220703,-0.10750236362218857,0.2721508741378784,0.042977865785360336,0.008109628222882748,0.013673394918441772,-1.0019632577896118,0.0,0.0,0.0,0.0,317.16131591796875,-105.28327941894531,-64.32597351074219,-1.8974440097808838,-1.3766238689422607,0.4472053050994873,0.08809962123632431,-0.6578452587127686,-0.6817872524261475
6.8605,0.008250384591519833,0.0156406182795763,-2.087470054626465,0.03540128841996193,0.06784340739250183,-9.056086540222168,0.019699998199939728,-0.019298290833830833,0.0029100473038852215,0.0,3.8111438751220703,-0.10750236362218857,0.2721508741378784,0.042977865785360336,0.008109628222882748,0.013673394918441772,-1.0019632577896118,0.0,0.0,0.0,0.0,317.16131591796875,-105.28327941894531,-64.32597351074219,-0.24202243983745575,0.6884117126464844,-1.003347635269165,1.4616563320159912,-1.511601209640503,0.013840500265359879
6.8707,0.0086081987246871,0.01632692478597164,-2.1790130138397217,0.0361674539744854,0.06941661238670349,-9.252501487731934,0.019699998199939728,-0.019298290833830833,0.0029100473038852215,0.0,3.8111438751220703,-0.10750236362218857,0.2721508741378784,0.042977865785360336,0.008109628222882748,0.013673394918441772,-1.0019632577896118,0.0,0.0,0.0,0.0,317.16131591796875,-105.28327941894531,-64.32597351074219,1.5799332857131958,-0.931355893611908,-0.3768971860408783,-0.6670059561729431,-0.27406802773475647,1.7754907608032227
6.8806,0.00897426437586546,0.017028875648975372,-2.2725203037261963,0.037050992250442505,0.07096638530492783,-9.448939323425293,0.023362433537840843,-0.02475491538643837,0.0030871813651174307,0.0,3.8111438751220703,-0.0022577091585844755,-0.22980280220508575,0.22869284451007843,0.008882671594619751,0.013415220193564892,-1.003961205482483,0.0,0.0,0.0,0.0,317.16131591796875,-105.28327941894531,-64.32597351074219,-0.5313392877578735,0.3239997923374176,0.986950695514679,0.13616874814033508,0.29358965158462524,0.22412997484207153
6.8906,0.009348900057375431,0.01774539239704609,-2.367992639541626,0.03788788616657257,0.07233374565839767,-9.6455078125,0.023362433537840843,-0.02475491538643837,0.0030871813651174307,0.0,3.8111438751220703,-0.0022577091585844755,-0.22980280220508575,0.22869284451007843,0.008882671594619751,0.013415220193564892,-1.003961205482483,0.0,0.0,0.0,0.0,317.16131591796875,-105.28327941894531,-64.32597351074219,0.8933943510055542,0.2365114539861679,-0.4480590224266052,1.218972086906433,-0.3210068345069885,0.4234214723110199
6.9005,0.009731043130159378,0.018475888296961784,-2.465430736541748,0.03854140639305115,0.0737653449177742,-9.842132568359375,0.023362433537840843,-0.02475491538643837,0.0030871813651174307,0.0,3.8111438751220703,-0.0022577091585844755,-0.22980280220508575,0.22869284451007843,0.008882671594619751,0.013415220193564892,-1.003961205482483,0.0,0.0,0.0,0.0,317.16131591796875,-105.28327941894531,-64.32597351074219,0.7345355749130249,0.08676762133836746,1.0637489557266235,-1.7348028421401978,-0.2442883402109146,0.0874909982085228
6.9105,0.0,0.0,0.0,0.0,0.0,0.0,0.023362433537840843,-0.02475491538643837,0.0030871813651174307,0.0,3.8111438751220703,-0.0022577091585844755,-0.22980280220508575,0.22869284451007843,0.008882671594619751,0.013415220193564892,-1.003961205482483,0.0,0.0,0.0,0.0,317.16131591796875,-105.28327941894531,-64.32597351074219,2.0546464920043945,-1.5195965766906738,-0.4632662236690521,-1.5290778875350952,1.9242364168167114,-0.8932861685752869
6.9205,3.4378683722025016e-06,5.791200237581506e-06,-0.0007958540227264166,0.000761469709686935,0.0012907300842925906,-0.17685608565807343,0.023362433537840843,-0.02475491538643837,0.0030871813651174307,0.0,3.8111438751220703,-0.0022577091585844755,-0.22980280220508575,0.22869284451007843,0.008882671594619751,0.013415220193564892,-1.003961205482483,0.0,0.0,0.0,0.0,317.16131591796875,-105.28327941894531,-64.32597351074219,2.5754430294036865,-1.285347580909729,0.7149445414543152,-1.826230525970459,1.1812219619750977,0.1764238029718399
6.9305,1.5233409612847026e-05,2.5284838557126932e-05,-0.003546835156157613,0.0016026926459744573,0.0026122648268938065,-0.3733397424221039,0.0012281595263630152,-0.0008052995544858277,0.0006160417106002569,0.0,3.8111438751220703,0.14320383965969086,-0.1293739527463913,-0.13637012243270874,0.006646015681326389,0.016431165859103203,-1.0005450248718262,0.0,0.0,0.0,0.0,317.16131591796875,-105.28327941894531,-64.32597351074219,0.6516892910003662,-0.10522985458374023,0.8473433256149292,-1.5172736644744873,0.8880184888839722,-1.7738773822784424
6.9405,3.4554515877971426e-05,5.917919770581648e-05,-0.008261682465672493,0.002265084534883499,0.00417320616543293,-0.5696291327476501,0.0012281595263630152,-0.0008052995544858277,0.0006160417106002569,0.0,3.8111438751220703,0.14320383965969086,-0.1293739527463913,-0.13637012243270874,0.006646015681326389,0.016431165859103203,-1.0005450248718262,0.0,0.0,0.0,0.0,317.16131591796875,-105.28327941894531,-64.32597351074219,0.17217043042182922,-1.556911826133728,-0.8774930834770203,-1.302054524421692,0.6477652192115784,-0.24890001118183136
6.9506,6.040288644726388e-05,0.00010968756396323442,-0.014939522370696068,0.0029053932521492243,0.005923850927501917,-0.765938401222229,0.0012281595263630152,-0.0008052995544858277,0.0006160417106002569,0.0,3.8111438751220703,0.14320383965969086,-0.1293739527463913,-0.13637012243270874,0.006646015681326389,0.016431165859103203,-1.0005450248718262,0.0,0.0,0.0,0.0,317.16131591796875,-105.28327941894531,-64.32597351074219,-0.7191227674484253,-0.11767864972352982,0.40170595049858093,1.3100872039794922,0.781120240688324,1.1105479001998901
6.9606,9.27483633859083e-05,0.0001764616317814216,-0.023581312969326973,0.0035687596537172794,0.0074330600909888744,-0.9624195694923401,0.0012281595263630152,-0.0008052995544858277,0.0006160417106002569,0.0,3.8111438751220703,0.14320383965969086,-0.1293739527463913,-0.13637012243270874,0.006646015681326389,0.016431165859103203,-1.0005450248718262,0.0,0.0,0.0,0.0,317.16131591796875,-105.28327941894531,-64.32597351074219,0.5515265464782715,0.6342231631278992,-0.2448926419019699,0.1404886096715927,-0.2255851775407791,-0.5838915109634399
6.9705,0.00013270805357024074,0.00025785266188904643,-0.034187935292720795,0.004426436498761177,0.008850589394569397,-1.1589049100875854,0.0012281595263630152,-0.0008052995544858277,0.0006160417106002569,0.0,3.8111438751220703,0.14320383965969086,-0.1293739527463913,-0.13637012243270874,0.006646015681326389,0.016431165859103203,-1.0005450248718262,0.0,0.0,0.0,0.0,317.16131591796875,-105.28327941894531,-64.32597351074219,-0.40020978450775146,0.7118022441864014,-1.2468923330307007,0.5814622640609741,1.0015759468078613,1.049894094467163
6.9805,0.00018131018441636115,0.000353359617292881,-0.04675834998488426,0.005292532499879599,0.010252567008137703,-1.355177640914917,0.0053171333856880665,0.0043952008709311485,-0.0012458215933293104,0.0,3.8111438751220703,0.19790451228618622,0.011643817648291588,0.07624837011098862,0.006283458787947893,0.014068691991269588,-1.0026960372924805,0.0,0.0,0.0,0.0,317.16131591796875,-105.28327941894531,-64.32597351074219,-0.4599651098251343,0.3413541913032532,-0.0645495355129242,1.8713741302490234,-0.6814163327217102,1.13169264793396
6.9905,0.00023787001555319875,0.0004626752925105393,-0.061292000114917755,0.006016390398144722,0.011612392961978912,-1.5515525341033936,0.0053171333856880665,0.0043952008709311485,-0.0012458215933293104,0.0,3.8111438751220703,0.19790451228618622,0.011643817648291588,0.07624837011098862,0.006283458787947893,0.014068691991269588,-1.0026960372924805,0.0,0.0,0.0,0.0,317.16131591796875,-105.28327941894531,-64.32597351074219,1.9039497375488281,1.1119478940963745,-0.2359236478805542,-0.2203434556722641,-1.3458082675933838,0.3312276601791382
7.0005,0.0003011641092598438,0.0005860158707946539,-0.07778999954462051,0.006638204678893089,0.013052286580204964,-1.7480469942092896,0.0053171333856880665,0.0043952008709311485,-0.0012458215933293104,0.0,3.8111438751220703,0.19790451228618622,0.011643817648291588,0.07624837011098862,0.006283458787947893,0.014068691991269588,-1.0026960372924805,0.0,0.0,0.0,0.0,317.16131591796875,-105.28327941894531,-64.32597351074219,0.1693366914987564,-2.1674392223358154,1.7977608442306519,-1.3330321311950684,-0.5777990221977234,-0.852536678314209
7.0115,0.0003710324235726148,0.0007237629615701735,-0.09625314176082611,0.007328465115278959,0.014501218684017658,-1.9445806741714478,0.0053171333856880665,0.0043952008709311485,-0.0012458215933293104,0.0,3.8111438751220703,0.19790451228618622,0.011643817648291588,0.07624837011098862,0.006283458787947893,0.014068691991269588,-1.0026960372924805,0.0,0.0,0.0,0.0,317.16131591796875,-105.28327941894531,-64.32597351074219,-1.320238709449768,0.4731164574623108,0.10180503875017166,-0.5312235951423645,1.5091168880462646,0.5507393479347229
7.0205,0.0004471606807783246,0.0008755846065469086,-0.11668168008327484,0.007905380800366402,0.015869727358222008,-2.141126871109009,0.0053171333856880665,0.0043952008709311485,-0.0012458215933293104,0.0,3.8111438751220703,0.19790451228618622,0.011643817648291588,0.07624837011098862,0.006283458787947893,0.014068691991269588,-1.0026960372924805,0.0,0.0,0.0,0.0,317.16131591796875,-105.28327941894531,-64.32597351074219,-0.9611058235168457,0.5273706912994385,-0.061598844826221466,1.4780484437942505,-0.9992203712463379,-0.39688801765441895
7.0305,0.0005295889568515122,0.001040748436935246,-0.13907448947429657,0.008578702807426453,0.017165567725896835,-2.3374335765838623,0.008741422556340694,0.0022948384284973145,0.0003994394501205534,0.0,3.8111438751220703,-0.2626386880874634,-0.09191237390041351,0.14804784953594208,0.008444399572908878,0.01438587624579668,-0.9994989633560181,0.0,0.0,0.0,0.0,317.16131591796875,-105.28327941894531,-64.32597351074219,1.6013474464416504,2.260873794555664,0.13657806813716888,-1.4191670417785645,-0.9679123163223267,0.7409284114837646
7.0405,0.0006197522161528468,0.0012193962465971708,-0.1634293645620346,0.009461445733904839,0.01856001652777195,-2.5335421562194824,0.008741422556340694,0.0022948384284973145,0.0003994394501205534,0.0,3.8111438751220703,-0.2626386880874634,-0.09191237390041351,0.14804784953594208,0.008444399572908878,0.01438587624579668,-0.9994989633560181,0.0,0.0,0.0,0.0,317.16131591796875,-105.28327941894531,-64.32597351074219,-3.7713420391082764,0.544203519821167,-0.23842653632164001,1.0384749174118042,-0.6667830348014832,0.052266865968704224
7.0506,0.0007184614660218358,0.0014129146002233028,-0.18974654376506805,0.010279512964189053,0.02015441097319126,-2.729893922805786,0.008741422556340694,0.0022948384284973145,0.0003994394501205534,0.0,3.8111438751220703,-0.2626386880874634,-0.09191237390041351,0.14804784953594208,0.008444399572908878,0.01438587624579668,-0.9994989633560181,0.0,0.0,0.0,0.0,317.16131591796875,-105.28327941894531,-64.32597351074219,-0.012171894311904907,0.794990062713623,-0.32266342639923096,-0.0690617561340332,-1.6795963048934937,-1.157048225402832
7.0606,0.0008250277023762465,0.00162207568064332,-0.2180270552635193,0.011032006703317165,0.02168123424053192,-2.9262077808380127,0.008741422556340694,0.0022948384284973145,0.0003994394501205534,0.0,3.8111438751220703,-0.2626386880874634,-0.09191237390041351,0.14804784953594208,0.008444399572908878,0.01438587624579668,-0.9994989633560181,0.0,0.0,0.0,0.0,317.16131591796875,-105.28327941894531,-64.32597351074219,-0.16166797280311584,-1.1657886505126953,-0.08864501118659973,0.05999300256371498,-0.2370292693376541,-0.2812153995037079
7.0705,0.0009395364322699606,0.0018463840242475271,-0.24827055633068085,0.011869074776768684,0.023185059428215027,-3.122493267059326,0.008741422556340694,0.0022948384284973145,0.0003994394501205534,0.0,3.8111438751220703,-0.2626386880874634,-0.09191237390041351,0.14804784953594208,0.008444399572908878,0.01438587624579668,-0.9994989633560181,0.0,0.0,0.0,0.0,317.16131591796875,-105.28327941894531,-64.32597351074219,1.3368003368377686,0.9483258724212646,1.8628841638565063,-0.6231432557106018,0.15145446360111237,-2.2821619510650635
7.0805,0.0010616846848279238,0.0020866580307483673,-0.2804775834083557,0.01256257388740778,0.024868221953511238,-3.3189103603363037,0.014575117267668247,0.0032728828955441713,-0.0009477969724684954,0.0,3.8111438751220703,-0.07092667371034622,-0.026321405544877052,0.031230663880705833,0.007647572085261345,0.014336938969790936,-1.0007399320602417,0.0,0.0,0.0,0.0,317.16131591796875,-105.28327941894531,-64.32597351074219,0.46628817915916443,-0.01871933788061142,-0.9499187469482422,-1.0758486986160278,-1.1602180004119873,-0.1352766901254654
7.0904,0.001190981362015009,0.002342772204428911,-0.3146486282348633,0.013295456767082214,0.02635054662823677,-3.51529860496521,0.014575117267668247,0.0032728828955441713,-0.0009477969724684954,0.0,3.8111438751220703,-0.07092667371034622,-0.026321405544877052,0.031230663880705833,0.007647572085261345,0.014336938969790936,-1.0007399320602417,0.0,0.0,0.0,0.0,317.16131591796875,-105.28327941894531,-64.32597351074219,1.1785823106765747,-1.9966634511947632,-3.0934982299804688,0.1371663510799408,1.7852874994277954,2.0146243572235107
7.1005,0.0013276017270982265,0.0026136371307075024,-0.3507837653160095,0.014019789174199104,0.027816960588097572,-3.711729049682617,0.014575117267668247,0.0032728828955441713,-0.0009477969724684954,0.0,3.8111438751220703,-0.07092667371034622,-0.026321405544877052,0.031230663880705833,0.007647572085261345,0.014336938969790936,-1.0007399320602417,0.0,0.0,0.0,0.0,317.16131591796875,-105.28327941894531,-64.32597351074219,0.35388487577438354,-2.0361266136169434,-1.596373438835144,-1.017166256904602,-0.05548027902841568,0.5505620241165161
7.1105,0.0014715725556015968,0.0028989699203521013,-0.38888293504714966,0.01477199699729681,0.029254388064146042,-3.9081034660339355,0.014575117267668247,0.0032728828955441713,-0.0009477969724684954,0.0,3.8111438751220703,-0.07092667371034622,-0.026321405544877052,0.031230663880705833,0.007647572085261345,0.014336938969790936,-1.0007399320602417,0.0,0.0,0.0,0.0,317.16131591796875,-105.28327941894531,-64.32597351074219,-2.266010284423828,0.4614184498786926,-0.8817949295043945,1.2689241170883179,1.674167275428772,1.0897343158721924
7.1195,0.0016235433286055923,0.0031996655743569136,-0.4289463460445404,0.015629494562745094,0.03089536726474762,-4.104576110839844,0.014575117267668247,0.0032728828955441713,-0.0009477969724684954,0.0,3.8111438751220703,-0.07092667371034622,-0.026321405544877052,0.031230663880705833,0.007647572085261345,0.014336938969790936,-1.0007399320602417,0.0,0.0,0.0,0.0,317.16131591796875,-105.28327941894531,-64.32597351074219,0.6199244856834412,1.11647367477417,1.3092379570007324,0.5370680689811707,-0.030974622815847397,-1.8660993576049805
7.1306,0.0017839873908087611,0.0035166931338608265,-0.470974862575531,0.016452886164188385,0.032506201416254044,-4.301127910614014,0.017111388966441154,0.002546745352447033,-0.0018257491756230593,0.0,3.8111438751220703,0.05615855008363724,-0.1677413433790207,0.040725018829107285,0.007748950272798538,0.01451953686773777,-1.0016876459121704,0.0,0.0,0.0,0.0,317.16131591796875,-105.28327941894531,-64.32597351074219,1.135971188545227,0.6117246150970459,1.2950469255447388,-0.657248318195343,-2.2333147525787354,-1.1924504041671753
7.1405,0.001952369580976665,0.003848935244604945,-0.5149682760238647,0.01722363941371441,0.033943239599466324,-4.497549533843994,0.017111388966441154,0.002546745352447033,-0.0018257491756230593,0.0,3.8111438751220703,0.05615855008363724,-0.1677413433790207,0.040725018829107285,0.007748950272798538,0.01451953686773777,-1.0016876459121704,0.0,0.0,0.0,0.0,317.16131591796875,-105.28327941894531,-64.32597351074219,1.31651771068573,-2.538590908050537,0.28527891635894775,-1.0023916959762573,-1.222537636756897,-1.6666033267974854
7.1505,0.0021285417024046183,0.004195732064545155,-0.5609254240989685,0.018020348623394966,0.035423558205366135,-4.693882465362549,0.017111388966441154,0.002546745352447033,-0.0018257491756230593,0.0,3.8111438751220703,0.05615855008363724,-0.1677413433790207,0.040725018829107285,0.007748950272798538,0.01451953686773777,-1.0016876459121704,0.0,0.0,0.0,0.0,317.16131591796875,-105.28327941894531,-64.32597351074219,0.8303832411766052,-0.7626442313194275,-0.54640132188797,-2.3955729007720947,3.781891107559204,-0.014801508747041225
7.1604,0.0023121798876672983,0.00455719418823719,-0.6088455319404602,0.018705282360315323,0.03687204420566559,-4.890135765075684,0.017111388966441154,0.002546745352447033,-0.0018257491756230593,0.0,3.8111438751220703,0.05615855008363724,-0.1677413433790207,0.040725018829107285,0.007748950272798538,0.01451953686773777,-1.0016876459121704,0.0,0.0,0.0,0.0,317.16131591796875,-105.28327941894531,-64.32597351074219,0.26333507895469666,0.3421599566936493,1.4971846342086792,-0.7184929847717285,-0.1385839283466339,-0.6641772985458374
7.1705,0.0025031440891325474,0.004933401010930538,-0.6587289571762085,0.019486257806420326,0.03836645931005478,-5.086551666259766,0.017111388966441154,0.002546745352447033,-0.0018257491756230593,0.0,3.8111438751220703,0.05615855008363724,-0.1677413433790207,0.040725018829107285,0.007748950272798538,0.01451953686773777,-1.0016876459121704,0.0,0.0,0.0,0.0,317.16131591796875,-105.28327941894531,-64.32597351074219,0.42955368757247925,-0.8107787370681763,-0.19727009534835815,-1.073922872543335,1.3935048580169678,-0.495832622051239
7.1805,0.002702114637941122,0.0053236717358231544,-0.7105777263641357,0.020304862409830093,0.03968508541584015,-5.283204555511475,0.0207054503262043,0.002753367880359292,-0.005685098934918642,0.0,3.8058650493621826,0.22960537672042847,-0.08836044371128082,-0.08182431012392044,0.01011193823069334,0.014505907893180847,-1.0040429830551147,0.0,0.0,0.0,0.0,317.16131591796875,-105.28327941894531,-64.32597351074219,-0.5819493532180786,-0.5645933151245117,0.13374294340610504,1.3375251293182373,0.6540595293045044,-0.8585740327835083
7.1895,0.002909919014200568,0.005727474112063646,-0.7643929123878479,0.021257009357213974,0.041080888360738754,-5.479830265045166,0.0207054503262043,0.002753367880359292,-0.005685098934918642,0.0,3.8058650493621826,0.22960537672042847,-0.08836044371128082,-0.08182431012392044,0.01011193823069334,0.014505907893180847,-1.0040429830551147,0.0,0.0,0.0,0.0,317.16131591796875,-105.28327941894531,-64.32597351074219,-1.5075404644012451,0.21979768574237823,-0.5103585720062256,-0.557209312915802,1.1314435005187988,-0.9359169602394104
7.2007,0.003127075033262372,0.006145425606518984,-0.8201741576194763,0.022170698270201683,0.042511891573667526,-5.676418781280518,0.0207054503262043,0.002753367880359292,-0.005685098934918642,0.0,3.8058650493621826,0.22960537672042847,-0.08836044371128082,-0.08182431012392044,0.01011193823069334,0.014505907893180847,-1.0040429830551147,0.0,0.0,0.0,0.0,317.16131591796875,-105.28327941894531,-64.32597351074219,1.243704915046692,-0.7194616794586182,0.3331001102924347,-2.0780370235443115,-1.880826711654663,-2.207554578781128
7.2105,0.003353473963215947,0.006577208638191223,-0.8779205083847046,0.02311205305159092,0.043838098645210266,-5.872851371765137,0.0207054503262043,0.002753367880359292,-0.005685098934918642,0.0,3.8058650493621826,0.22960537672042847,-0.08836044371128082,-0.08182431012392044,0.01011193823069334,0.014505907893180847,-1.0040429830551147,0.0,0.0,0.0,0.0,317.16131591796875,-105.28327941894531,-64.32597351074219,0.7959277629852295,-0.976127028465271,-0.37199485301971436,0.2344173640012741,1.9361001253128052,-0.6185997724533081
7.2195,0.0035883947275578976,0.007022985257208347,-0.9376305341720581,0.023869026452302933,0.045314934104681015,-6.069149494171143,0.0207054503262043,0.002753367880359292,-0.005685098934918642,0.0,3.8058650493621826,0.22960537672042847,-0.08836044371128082,-0.08182431012392044,0.01011193823069334,0.014505907893180847,-1.0040429830551147,0.0,0.0,0.0,0.0,317.16131591796875,-105.28327941894531,-64.32597351074219,0.3811935782432556,0.43218159675598145,-0.20654936134815216,0.3401024043560028,0.8682587146759033,-0.0980209931731224
7.2305,0.0038307062350213528,0.00748468330129981,-0.9993031024932861,0.024590179324150085,0.04702514410018921,-6.2653608322143555,0.02281883917748928,0.0013729205820709467,-0.005854164250195026,0.0,3.8111438751220703,0.05717143043875694,-0.059025488793849945,-0.0443727932870388,0.00803604070097208,0.014996835961937904,-1.001975178718567,0.0,0.0,0.0,0.0,317.16131591796875,-105.28327941894531,-64.32597351074219,1.0562744140625,-0.46660879254341125,1.0957664251327515,-1.8431384563446045,-0.9583294987678528,-0.7202140688896179
7.2406,0.004080235026776791,0.007962668314576149,-1.0629386901855469,0.025312179699540138,0.0485728420317173,-6.461763858795166,0.02281883917748928,0.0013729205820709467,-0.005854164250195026,0.0,3.8111438751220703,0.05717143043875694,-0.059025488793849945,-0.0443727932870388,0.00803604070097208,0.014996835961937904,-1.001975178718567,0.0,0.0,0.0,0.0,317.16131591796875,-105.28327941894531,-64.32597351074219,0.2960410714149475,-0.790459156036377,-0.7241461277008057,-0.46965768933296204,0.8699058890342712,0.13671395182609558
7.2494,0.004337426740676165,0.008455595932900906,-1.1285386085510254,0.026127753779292107,0.05000960826873779,-6.658226490020752,0.02281883917748928,0.0013729205820709467,-0.005854164250195026,0.0,3.8111438751220703,0.05717143043875694,-0.059025488793849945,-0.0443727932870388,0.00803604070097208,0.014996835961937904,-1.001975178718567,0.0,0.0,0.0,0.0,317.16131591796875,-105.28327941894531,-64.32597351074219,0.4175993800163269,-0.8277648091316223,0.2909475564956665,-0.3344002068042755,1.8714038133621216,-1.2304530143737793
7.2605,0.00460328022018075,0.00896371528506279,-1.1961020231246948,0.027035776525735855,0.05160846561193466,-6.854444980621338,0.02281883917748928,0.0013729205820709467,-0.005854164250195026,0.0,3.8111438751220703,0.05717143043875694,-0.059025488793849945,-0.0443727932870388,0.00803604070097208,0.014996835961937904,-1.001975178718567,0.0,0.0,0.0,0.0,317.16131591796875,-105.28327941894531,-64.32597351074219,-1.5018830299377441,0.6858574748039246,-0.8458105325698853,1.7508848905563354,0.21646997332572937,1.2027643918991089
7.2705,0.004877945873886347,0.009487385861575603,-1.2656283378601074,0.027892237529158592,0.05313650891184807,-7.050812244415283,0.02281883917748928,0.0013729205820709467,-0.005854164250195026,0.0,3.8111438751220703,0.05717143043875694,-0.059025488793849945,-0.0443727932870388,0.00803604070097208,0.014996835961937904,-1.001975178718567,0.0,0.0,0.0,0.0,317.16131591796875,-105.28327941894531,-64.32597351074219,-0.16281062364578247,0.7941498756408691,-1.4897147417068481,-1.837887167930603,-1.9897956848144531,0.4407525658607483
7.2804,0.005160212051123381,0.010026109404861927,-1.337118148803711,0.028556909412145615,0.05460325628519058,-7.247158527374268,0.027942268177866936,-0.003894454101100564,-0.00664013996720314,0.0,3.8111438751220703,0.04787183925509453,-0.1614411324262619,-0.1549863964319229,0.005523948930203915,0.01474816258996725,-1.0010862350463867,0.0,0.0,0.0,0.0,317.16131591796875,-105.28327941894531,-64.32597351074219,1.764301061630249,0.35004040598869324,-1.0014396905899048,-0.3976060152053833,-1.4658396244049072,1.0473734140396118
7.2896,0.005448194220662117,0.010579436086118221,-1.4105713367462158,0.029040351510047913,0.05606013536453247,-7.443470478057861,0.027942268177866936,-0.003894454101100564,-0.00664013996720314,0.0,3.8111438751220703,0.04787183925509453,-0.1614411324262619,-0.1549863964319229,0.005523948930203915,0.01474816258996725,-1.0010862350463867,0.0,0.0,0.0,0.0,317.16131591796875,-105.28327941894531,-64.32597351074219,0.8014171719551086,-1.4436306953430176,0.1738639920949936,-1.3003218173980713,1.7138867378234863,1.0967129468917847
7.3005,0.005742231383919716,0.01114830281585455,-1.4859874248504639,0.029759107157588005,0.0577169731259346,-7.639749050140381,0.027942268177866936,-0.003894454101100564,-0.00664013996720314,0.0,3.8111438751220703,0.04787183925509453,-0.1614411324262619,-0.1549863964319229,0.005523948930203915,0.01474816258996725,-1.0010862350463867,0.0,0.0,0.0,0.0,317.16131591796875,-105.28327941894531,-64.32597351074219,-1.3763346672058105,-1.3110291957855225,-1.0777431726455688,-0.7225770354270935,-0.9229005575180054,0.8723353147506714
7.3105,0.00604401296004653,0.011734051629900932,-1.5633658170700073,0.030598865821957588,0.059432148933410645,-7.835925102233887,0.027942268177866936,-0.003894454101100564,-0.00664013996720314,0.0,3.8111438751220703,0.04787183925509453,-0.1614411324262619,-0.1549863964319229,0.005523948930203915,0.01474816258996725,-1.0010862350463867,0.0,0.0,0.0,0.0,317.16131591796875,-105.28327941894531,-64.32597351074219,0.7471129894256592,-0.6721623539924622,1.559252381324768,1.8151289224624634,0.8475381731987,-1.144484043121338
7.3205,0.006353911478072405,0.012336273677647114,-1.642707347869873,0.031381361186504364,0.06101708114147186,-8.032382011413574,0.027942268177866936,-0.003894454101100564,-0.00664013996720314,0.0,3.8111438751220703,0.04787183925509453,-0.1614411324262619,-0.1549863964319229,0.005523948930203915,0.01474816258996725,-1.0010862350463867,0.0,0.0,0.0,0.0,317.16131591796875,-105.28327941894531,-64.32597351074219,1.1567105054855347,-0.12428690493106842,2.106875419616699,-1.9473706483840942,-0.8531365394592285,-1.773071527481079
7.3305,0.006672048009932041,0.012953509576618671,-1.7240140438079834,0.03225129842758179,0.06242905929684639,-8.228967666625977,0.033939339220523834,-0.007780354470014572,-0.003826493164524436,0.0,3.8111438751220703,-0.09953082352876663,0.14075389504432678,-0.3031828999519348,0.008807938545942307,0.015227893367409706,-1.0036709308624268,0.0,0.0,0.0,0.0,317.16131591796875,-105.28327941894531,-64.32597351074219,-0.7598204612731934,1.3570888042449951,-0.9079018831253052,-0.26272374391555786,0.6661652326583862,-0.49989643692970276
7.3405,0.006998955737799406,0.013585422188043594,-1.8072868585586548,0.033133912831544876,0.06395157426595688,-8.425599098205566,0.033939339220523834,-0.007780354470014572,-0.003826493164524436,0.0,3.8111438751220703,-0.09953082352876663,0.14075389504432678,-0.3031828999519348,0.008807938545942307,0.015227893367409706,-1.0036709308624268,0.0,0.0,0.0,0.0,317.16131591796875,-105.28327941894531,-64.32597351074219,-1.5983456373214722,-0.36185401678085327,0.31422609090805054,1.3124650716781616,-0.6781026721000671,-0.007936439476907253
7.3505,0.007334576454013586,0.014233476482331753,-1.8925243616104126,0.033994145691394806,0.06565819680690765,-8.621903419494629,0.033939339220523834,-0.007780354470014572,-0.003826493164524436,0.0,3.8111438751220703,-0.09953082352876663,0.14075389504432678,-0.3031828999519348,0.008807938545942307,0.015227893367409706,-1.0036709308624268,0.0,0.0,0.0,0.0,317.16131591796875,-105.28327941894531,-64.32597351074219,0.49603286385536194,-1.9644594192504883,0.003998249769210815,0.17899645864963531,1.4309394359588623,1.5785788297653198
7.3605,0.007679079659283161,0.014898167923092842,-1.9797248840332031,0.034907229244709015,0.06727871298789978,-8.818203926086426,0.033939339220523834,-0.007780354470014572,-0.003826493164524436,0.0,3.8111438751220703,-0.09953082352876663,0.14075389504432678,-0.3031828999519348,0.008807938545942307,0.015227893367409706,-1.0036709308624268,0.0,0.0,0.0,0.0,317.16131591796875,-105.28327941894531,-64.32597351074219,1.6578692197799683,1.0965118408203125,1.147791862487793,-1.8699754476547241,-0.3154398500919342,-1.416129469871521
7.3705,0.008032336831092834,0.015578619204461575,-2.0688891410827637,0.0357428714632988,0.06880580633878708,-9.01463794708252,0.033939339220523834,-0.007780354470014572,-0.003826493164524436,0.0,3.8111438751220703,-0.09953082352876663,0.14075389504432678,-0.3031828999519348,0.008807938545942307,0.015227893367409706,-1.0036709308624268,0.0,0.0,0.0,0.0,317.16131591796875,-105.28327941894531,-64.32597351074219,0.05836299806833267,0.29799720644950867,-0.38610225915908813,-1.0046175718307495,-1.8731796741485596,1.4350234270095825
7.3805,0.00839337520301342,0.016274141147732735,-2.160017251968384,0.03647083044052124,0.07029055804014206,-9.210999488830566,0.03861897066235542,-0.0053917416371405125,-0.004465889185667038,0.0,3.8058650493621826,0.11864815652370453,-0.44946569204330444,0.18004147708415985,0.007778733503073454,0.01433560997247696,-1.0025465488433838,0.0,0.0,0.0,0.0,317.16131591796875,-105.28327941894531,-64.32597351074219,0.38097327947616577,0.44666022062301636,2.1398990154266357,0.05026242882013321,-2.0587475299835205,-1.1657123565673828
7.3904,0.008762024343013763,0.01698453351855278,-2.2531092166900635,0.037266287952661514,0.07178406417369843,-9.407413482666016,0.03861897066235542,-0.0053917416371405125,-0.004465889185667038,0.0,3.8058650493621826,0.11864815652370453,-0.44946569204330444,0.18004147708415985,0.007778733503073454,0.01433560997247696,-1.0025465488433838,0.0,0.0,0.0,0.0,317.16131591796875,-105.28327941894531,-64.32597351074219,0.17028537392616272,-1.115684986114502,-1.0771325826644897,0.39036720991134644,-0.06529246270656586,-0.27919119596481323
7.4005,0.009138681925833225,0.017710892483592033,-2.3481647968292236,0.038066260516643524,0.0734841376543045,-9.603717803955078,0.03861897066235542,-0.0053917416371405125,-0.004465889185667038,0.0,3.8058650493621826,0.11864815652370453,-0.44946569204330444,0.18004147708415985,0.007778733503073454,0.01433560997247696,-1.0025465488433838,0.0,0.0,0.0,0.0,317.16131591796875,-105.28327941894531,-64.32597351074219,-0.37690243124961853,-1.0887967348098755,-1.9645569324493408,0.6725544333457947,0.6656594276428223,1.4611810445785522
7.4106,0.009522821754217148,0.018454192206263542,-2.445183038711548,0.038765519857406616,0.07517337799072266,-9.799927711486816,0.03861897066235542,-0.0053917416371405125,-0.004465889185667038,0.0,3.8058650493621826,0.11864815652370453,-0.44946569204330444,0.18004147708415985,0.007778733503073454,0.01433560997247696,-1.0025465488433838,0.0,0.0,0.0,0.0,317.16131591796875,-105.28327941894531,-64.32597351074219,-0.5339987874031067,-1.9094434976577759,-0.2939685881137848,-0.11548585444688797,2.4131200313568115,0.6820607781410217
7.4205,0.009914806112647057,0.01921333558857441,-2.5441651344299316,0.039622411131858826,0.07665763795375824,-9.996509552001953,0.03861897066235542,-0.0053917416371405125,-0.004465889185667038,0.0,3.8058650493621826,0.11864815652370453,-0.44946569204330444,0.18004147708415985,0.007778733503073454,0.01433560997247696,-1.0025465488433838,0.0,0.0,0.0,0.0,317.16131591796875,-105.28327941894531,-64.32597351074219,-2.1150903701782227,0.6488173604011536,-0.5944931507110596,0.8756629824638367,-0.4290143549442291,0.4419237971305847
7.4305,0.0,0.0,0.0,0.0,0.0,0.0,0.043626148253679276,-0.0031718765385448933,-0.004107406362891197,0.0,3.8111438751220703,-0.09340046346187592,0.08952011168003082,-0.11876846104860306,0.008052111603319645,0.01387814711779356,-1.003903865814209,0.0,0.0,0.0,0.0,317.16131591796875,-105.28327941894531,-64.32597351074219,1.7868849039077759,0.9788170456886292,0.44106924533843994,-0.9598434567451477,-0.6806063055992126,0.13469381630420685
7.4405,3.2481989364896435e-06,5.842200607730774e-06,-0.0007960754446685314,0.000719022355042398,0.001295907306484878,-0.1769053339958191,0.043626148253679276,-0.0031718765385448933,-0.004107406362891197,0.0,3.8111438751220703,-0.09340046346187592,0.08952011168003082,-0.11876846104860306,0.008052111603319645,0.01387814711779356,-1.003903865814209,0.0,0.0,0.0,0.0,317.16131591796875,-105.28327941894531,-64.32597351074219,0.12017595022916794,-0.2794496715068817,0.9335590600967407,-0.9141371846199036,-0.2473774254322052,-0.45410698652267456
7.4505,1.4059432942303829e-05,2.5360075596836396e-05,-0.003548150882124901,0.0014381310902535915,0.00261187762953341,-0.3735094368457794,0.043626148253679276,-0.0031718765385448933,-0.004107406362891197,0.0,3.8111438751220703,-0.09340046346187592,0.08952011168003082,-0.11876846104860306,0.008052111603319645,0.01387814711779356,-1.003903865814209,0.0,0.0,0.0,0.0,317.16131591796875,-105.28327941894531,-64.32597351074219,-0.33243024349212646,-0.16136495769023895,0.3244183361530304,0.1433635950088501,1.2085665464401245,-0.39260226488113403
7.4605,3.191443829564378e-05,5.840762605657801e-05,-0.008264362812042236,0.002126456703990698,0.004002755973488092,-0.5697323679924011,0.043626148253679276,-0.0031718765385448933,-0.004107406362891197,0.0,3.8111438751220703,-0.09340046346187592,0.08952011168003082,-0.11876846104860306,0.008052111603319645,0.01387814711779356,-1.003903865814209,0.0,0.0,0.0,0.0,317.16131591796875,-105.28327941894531,-64.32597351074219,-1.570404052734375,-0.029006555676460266,1.1371968984603882,-0.19135510921478271,0.1894836127758026,0.4311124384403229
7.4706,5.700033943867311e-05,0.00010555663175182417,-0.014942722395062447,0.0028856932185590267,0.005432114936411381,-0.7659390568733215,0.043626148253679276,-0.0031718765385448933,-0.004107406362891197,0.0,3.8111438751220703,-0.09340046346187592,0.08952011168003082,-0.11876846104860306,0.008052111603319645,0.01387814711779356,-1.003903865814209,0.0,0.0,0.0,0.0,317.16131591796875,-105.28327941894531,-64.32597351074219,-0.5055474042892456,-1.1915234327316284,-2.30106520652771,0.9433068037033081,-0.3141268789768219,-0.305477499961853
7.4805,9.045111801242456e-05,0.00016737166151870042,-0.023585015907883644,0.0038048112764954567,0.006929095834493637,-0.9625194668769836,0.0034510307013988495,-0.005751979071646929,0.0011176045518368483,0.0,3.8111438751220703,0.269567608833313,0.21573422849178314,0.017409315332770348,0.008089580573141575,0.015431596897542477,-1.0034525394439697,0.0,0.0,0.0,0.0,317.16131591796875,-105.28327941894531,-64.32597351074219,-1.6371612548828125,-0.9325937032699585,-0.729698896408081,2.6863749027252197,1.785492181777954,1.713163137435913
7.4905,0.00013267682516016066,0.00024411703634541482,-0.03419296443462372,0.004638863727450371,0.008427044376730919,-1.1590701341629028,0.0034510307013988495,-0.005751979071646929,0.0011176045518368483,0.0,3.8111438751220703,0.269567608833313,0.21573422849178314,0.017409315332770348,0.008089580573141575,0.015431596897542477,-1.0034525394439697,0.0,0.0,0.0,0.0,317.16131591796875,-105.28327941894531,-64.32597351074219,-0.7458800673484802,0.45799118280410767,-1.0770978927612305,0.5017746686935425,1.0967848300933838,0.22641800343990326
7.4996,0.000183333846507594,0.00033613736741244793,-0.046765249222517014,0.005490520037710667,0.009987256489694118,-1.3553866147994995,0.0034510307013988495,-0.005751979071646929,0.0011176045518368483,0.0,3.8111438751220703,0.269567608833313,0.21573422849178314,0.017409315332770348,0.008089580573141575,0.015431596897542477,-1.0034525394439697,0.0,0.0,0.0,0.0,317.16131591796875,-105.28327941894531,-64.32597351074219,1.6005510091781616,0.6730784177780151,1.0609989166259766,-1.2995620965957642,0.3630310297012329,-0.31129658222198486
7.5095,0.00024240199127234519,0.00044382072519510984,-0.06130101531744003,0.006318795960396528,0.011552557349205017,-1.551766037940979,0.0034510307013988495,-0.005751979071646929,0.0011176045518368483,0.0,3.8111438751220703,0.269567608833313,0.21573422849178314,0.017409315332770348,0.008089580573141575,0.015431596897542477,-1.0034525394439697,0.0,0.0,0.0,0.0,317.16131591796875,-105.28327941894531,-64.32597351074219,1.2428874969482422,-0.7942456603050232,0.8767152428627014,0.39087042212486267,-0.6215246915817261,-0.018197983503341675
7.5195,0.0003096011932939291,0.0005662917392328382,-0.07780084013938904,0.007122768089175224,0.012948993593454361,-1.74819815158844,0.0034510307013988495,-0.005751979071646929,0.0011176045518368483,0.0,3.8111438751220703,0.269567608833313,0.21573422849178314,0.017409315332770348,0.008089580573141575,0.015431596897542477,-1.0034525394439697,0.0,0.0,0.0,0.0,317.16131591796875,-105.28327941894531,-64.32597351074219,1.7387430667877197,-2.333963394165039,0.5074937343597412,-2.1909866333007812,1.246593952178955,-1.0610021352767944
7.5305,0.000384849205147475,0.0007032464491203427,-0.09626565873622894,0.00792670901864767,0.014442512765526772,-1.944765567779541,0.011274097487330437,-0.0076369973830878735,0.0004960772348567843,0.0,3.8111438751220703,-0.09321649372577667,0.11107735335826874,0.08304005116224289,0.008313154801726341,0.014795482158660889,-1.0008920431137085,0.0,0.0,0.0,0.0,317.16131591796875,-105.28327941894531,-64.32597351074219,-0.7326005697250366,1.0521643161773682,0.017446592450141907,-0.9208583235740662,1.3687973022460938,0.03557128086686134
7.5398,0.0004680032725445926,0.0008551205974072218,-0.11669521778821945,0.008709067478775978,0.015933122485876083,-2.141145944595337,0.011274097487330437,-0.0076369973830878735,0.0004960772348567843,0.0,3.8111438751220703,-0.09321649372577667,0.11107735335826874,0.08304005116224289,0.008313154801726341,0.014795482158660889,-1.0008920431137085,0.0,0.0,0.0,0.0,317.16131591796875,-105.28327941894531,-64.32597351074219,0.88224196434021,-0.5899136662483215,0.056998323649168015,-0.9577454328536987,0.8904787302017212,-1.2081302404403687
7.5496,0.0005595536786131561,0.0010222929995507002,-0.1390879899263382,0.009598977863788605,0.017500009387731552,-2.337406873703003,0.011274097487330437,-0.0076369973830878735,0.0004960772348567843,0.0,3.8111438751220703,-0.09321649372577667,0.11107735335826874,0.08304005116224289,0.008313154801726341,0.014795482158660889,-1.0008920431137085,0.0,0.0,0.0,0.0,317.16131591796875,-105.28327941894531,-64.32597351074219,1.914647102355957,0.5222135782241821,0.29753920435905457,-0.6354400515556335,0.552760660648346,0.036487121134996414
7.5596,0.0006599244079552591,0.001205447013489902,-0.16344520449638367,0.010475849732756615,0.019130252301692963,-2.53403639793396,0.011274097487330437,-0.0076369973830878735,0.0004960772348567843,0.0,3.8111438751220703,-0.09321649372577667,0.11107735335826874,0.08304005116224289,0.008313154801726341,0.014795482158660889,-1.0008920431137085,0.0,0.0,0.0,0.0,317.16131591796875,-105.28327941894531,-64.32597351074219,0.4120422303676605,0.9965615272521973,-2.045332431793213,-1.8081170320510864,0.614887535572052,0.27565866708755493
7.5695,0.0007685959571972489,0.0014034186024218798,-0.18976812064647675,0.011259770020842552,0.02046331577003002,-2.730545997619629,0.011274097487330437,-0.0076369973830878735,0.0004960772348567843,0.0,3.8111438751220703,-0.09321649372577667,0.11107735335826874,0.08304005116224289,0.008313154801726341,0.014795482158660889,-1.0008920431137085,0.0,0.0,0.0,0.0,317.16131591796875,-105.28327941894531,-64.32597351074219,-1.390074610710144,-0.047976695001125336,-0.10184282064437866,0.9269801378250122,0.1335567682981491,2.201890230178833
7.5805,0.0008841358358040452,0.0016147339483723044,-0.2180551290512085,0.011846320703625679,0.021799659356474876,-2.926854133605957,0.011526254937052727,-0.006604934111237526,0.002390545327216387,0.0,3.8111438751220703,0.14030997455120087,0.07809066772460938,-0.1260203719139099,0.0060238949954509735,0.014453249052166939,-1.0029032230377197,0.0,0.0,0.0,0.0,317.16131591796875,-105.28327941894531,-64.32597351074219,0.7798470854759216,-0.5721733570098877,0.13677379488945007,0.7499252557754517,0.8305038213729858,0.4155849814414978
7.5895,0.0010052359430119395,0.0018399265827611089,-0.24830573797225952,0.012376051396131516,0.02324027195572853,-3.1232681274414062,0.011526254937052727,-0.006604934111237526,0.002390545327216387,0.0,3.8111438751220703,0.14030997455120087,0.07809066772460938,-0.1260203719139099,0.0060238949954509735,0.014453249052166939,-1.0029032230377197,0.0,0.0,0.0,0.0,317.16131591796875,-105.28327941894531,-64.32597351074219,-1.0759027004241943,-0.1204572319984436,-0.48037123680114746,-1.4108422994613647,0.6821873784065247,-1.0181289911270142
7.5995,0.0011320532066747546,0.0020801990758627653,-0.28052085638046265,0.01298644207417965,0.024819625541567802,-3.3197531700134277,0.011526254937052727,-0.006604934111237526,0.002390545327216387,0.0,3.8111438751220703,0.14030997455120087,0.07809066772460938,-0.1260203719139099,0.0060238949954509735,0.014453249052166939,-1.0029032230377197,0.0,0.0,0.0,0.0,317.16131591796875,-105.28327941894531,-64.32597351074219,-1.0248299837112427,0.7775969505310059,-0.08283786475658417,0.4065963327884674,-0.10245758295059204,-0.9026952981948853
7.6096,0.0012657780898734927,0.0023359754122793674,-0.31470000743865967,0.013765155337750912,0.02633439190685749,-3.5160746574401855,0.011526254937052727,-0.006604934111237526,0.002390545327216387,0.0,3.8111438751220703,0.14030997455120087,0.07809066772460938,-0.1260203719139099,0.0060238949954509735,0.014453249052166939,-1.0029032230377197,0.0,0.0,0.0,0.0,317.16131591796875,-105.28327941894531,-64.32597351074219,0.5718109607696533,-1.8705060482025146,-1.3377753496170044,0.5750954151153564,0.27277040481567383,0.03515523299574852
7.6205,0.001407827134244144,0.0026061013340950012,-0.35084274411201477,0.014642312191426754,0.027690423652529716,-3.7124714851379395,0.011526254937052727,-0.006604934111237526,0.002390545327216387,0.0,3.8111438751220703,0.14030997455120087,0.07809066772460938,-0.1260203719139099,0.0060238949954509735,0.014453249052166939,-1.0029032230377197,0.0,0.0,0.0,0.0,317.16131591796875,-105.28327941894531,-64.32597351074219,-0.087912917137146,0.5504982471466064,-0.9623708128929138,0.09833508729934692,1.1582109928131104,0.8801324963569641
7.6305,0.0015583658823743463,0.002890143310651183,-0.3889492154121399,0.015460062772035599,0.029127182438969612,-3.9088220596313477,0.014078089967370033,-0.00601755827665329,0.0014814002206549048,0.0,3.8111438751220703,0.0488789901137352,-0.011642572470009327,-0.31689825654029846,0.008298151195049286,0.014702538959681988,-1.0031148195266724,0.0,0.0,0.0,0.0,317.16131591796875,-105.28327941894531,-64.32597351074219,2.2604451179504395,0.7245466709136963,0.5169491767883301,-2.0295960903167725,-1.3254013061523438,-1.118736743927002
7.6396,0.001717095379717648,0.0031885839998722076,-0.4290195107460022,0.016283737495541573,0.030561544001102448,-4.105238437652588,0.014078089967370033,-0.00601755827665329,0.0014814002206549048,0.0,3.8111438751220703,0.0488789901137352,-0.011642572470009327,-0.31689825654029846,0.008298151195049286,0.014702538959681988,-1.0031148195266724,0.0,0.0,0.0,0.0,317.16131591796875,-105.28327941894531,-64.32597351074219,1.576785922050476,-1.5366933345794678,-0.04924607276916504,-1.2781505584716797,0.053887251764535904,-0.6979761719703674
7.6505,0.0018838809337466955,0.003501344006508589,-0.4710540473461151,0.01706966757774353,0.0319967046380043,-4.301668643951416,0.014078089967370033,-0.00601755827665329,0.0014814002206549048,0.0,3.8111438751220703,0.0488789901137352,-0.011642572470009327,-0.31689825654029846,0.008298151195049286,0.014702538959681988,-1.0031148195266724,0.0,0.0,0.0,0.0,317.16131591796875,-105.28327941894531,-64.32597351074219,-1.5517696142196655,0.01146005094051361,1.291232943534851,-0.5760135650634766,-0.5439451336860657,-1.2512143850326538
7.6596,0.0020587712060660124,0.0038283246103674173,-0.5150516629219055,0.017910709604620934,0.033397432416677475,-4.497849464416504,0.014078089967370033,-0.00601755827665329,0.0014814002206549048,0.0,3.8111438751220703,0.0488789901137352,-0.011642572470009327,-0.31689825654029846,0.008298151195049286,0.014702538959681988,-1.0031148195266724,0.0,0.0,0.0,0.0,317.16131591796875,-105.28327941894531,-64.32597351074219,-0.10450006276369095,-1.7474082708358765,0.19213494658470154,1.2492457628250122,1.3349262475967407,-2.0678138732910156
7.6696,0.002241578185930848,0.00416960334405303,-0.5610120296478271,0.018649989739060402,0.034860529005527496,-4.6942267417907715,0.014078089967370033,-0.00601755827665329,0.0014814002206549048,0.0,3.8111438751220703,0.0488789901137352,-0.011642572470009327,-0.31689825654029846,0.008298151195049286,0.014702538959681988,-1.0031148195266724,0.0,0.0,0.0,0.0,317.16131591796875,-105.28327941894531,-64.32597351074219,-1.370713233947754,-1.8231780529022217,-1.7478188276290894,-0.6064965724945068,2.415540933609009,0.9834794998168945
7.6795,0.002431442029774189,0.004525146912783384,-0.6089372038841248,0.01932302489876747,0.036248043179512024,-4.890809535980225,0.02084241434931755,-0.00975479930639267,0.0028699366375803947,0.0,3.8111438751220703,0.1964721381664276,-0.058661989867687225,-0.08207759261131287,0.008749201893806458,0.015643654391169548,-1.003014087677002,0.0,0.0,0.0,0.0,317.16131591796875,-105.28327941894531,-64.32597351074219,0.3879762291908264,-0.18627576529979706,0.08605749905109406,1.0227667093276978,-0.20643985271453857,-0.18087100982666016
7.6906,0.002628872636705637,0.004895375110208988,-0.6588279604911804,0.02016475796699524,0.03779510036110878,-5.087344169616699,0.02084241434931755,-0.00975479930639267,0.0028699366375803947,0.0,3.8111438751220703,0.1964721381664276,-0.058661989867687225,-0.08207759261131287,0.008749201893806458,0.015643654391169548,-1.003014087677002,0.0,0.0,0.0,0.0,317.16131591796875,-105.28327941894531,-64.32597351074219,-0.6645408868789673,1.710084080696106,0.845104455947876,0.16294826567173004,-0.08457060158252716,-0.86518394947052
7.6996,0.0028347771149128675,0.005281068850308657,-0.7106835246086121,0.021021155640482903,0.03934022784233093,-5.283771991729736,0.02084241434931755,-0.00975479930639267,0.0028699366375803947,0.0,3.8111438751220703,0.1964721381664276,-0.058661989867687225,-0.08207759261131287,0.008749201893806458,0.015643654391169548,-1.003014087677002,0.0,0.0,0.0,0.0,317.16131591796875,-105.28327941894531,-64.32597351074219,-3.375796318054199,0.188923180103302,-0.63472980260849,2.2511825561523438,-2.3011698722839355,-0.18986214697360992
7.7105,0.003049015300348401,0.005681087728589773,-0.7645031213760376,0.021832259371876717,0.04067034646868706,-5.480145454406738,0.02084241434931755,-0.00975479930639267,0.0028699366375803947,0.0,3.8111438751220703,0.1964721381664276,-0.058661989867687225,-0.08207759261131287,0.008749201893806458,0.015643654391169548,-1.003014087677002,0.0,0.0,0.0,0.0,317.16131591796875,-105.28327941894531,-64.32597351074219,-0.010601162910461426,1.8746706247329712,-2.015538454055786,0.15340477228164673,-1.3427505493164062,1.5161833763122559
7.7195,0.0032706987112760544,0.006094691809266806,-0.8202862739562988,0.02251575142145157,0.04204417020082474,-5.676487445831299,0.02084241434931755,-0.00975479930639267,0.0028699366375803947,0.0,3.8111438751220703,0.1964721381664276,-0.058661989867687225,-0.08207759261131287,0.008749201893806458,0.015643654391169548,-1.003014087677002,0.0,0.0,0.0,0.0,317.16131591796875,-105.28327941894531,-64.32597351074219,0.19245247542858124,-2.00523042678833,0.2911109924316406,0.4939991235733032,-0.39673563838005066,1.3424925804138184
7.7295,0.00349917309358716,0.006523535121232271,-0.8780338764190674,0.023184997960925102,0.043721478432416916,-5.873035907745361,0.02206464298069477,-0.0037430075462907553,0.00012185960804345086,0.0,3.8111438751220703,-0.0710221529006958,-0.025738630443811417,-0.2175224870443344,0.008695716969668865,0.016365205869078636,-1.0028711557388306,0.0,0.0,0.0,0.0,317.16131591796875,-105.28327941894531,-64.32597351074219,0.6413586735725403,0.2735855281352997,-1.685821294784546,-0.36542120575904846,1.189250111579895,0.06229802593588829
7.7396,0.0037352340295910835,0.006969285663217306,-0.9377468228340149,0.024029850959777832,0.045424684882164,-6.069552898406982,0.02206464298069477,-0.0037430075462907553,0.00012185960804345086,0.0,3.8111438751220703,-0.0710221529006958,-0.025738630443811417,-0.2175224870443344,0.008695716969668865,0.016365205869078636,-1.0028711557388306,0.0,0.0,0.0,0.0,317.16131591796875,-105.28327941894531,-64.32597351074219,-0.6739047765731812,0.5392705798149109,-0.12539142370224,-0.7565434575080872,1.7082527875900269,1.6161893606185913
7.7505,0.003979943227022886,0.007431707810610533,-0.9994246959686279,0.024902494624257088,0.04705696180462837,-6.266025543212891,0.02206464298069477,-0.0037430075462907553,0.00012185960804345086,0.0,3.8111438751220703,-0.0710221529006958,-0.025738630443811417,-0.2175224870443344,0.008695716969668865,0.016365205869078636,-1.0028711557388306,0.0,0.0,0.0,0.0,317.16131591796875,-105.28327941894531,-64.32597351074219,-0.5641418695449829,0.8224855661392212,-0.8728632926940918,1.086704134941101,-0.7685940265655518,1.5322264432907104
7.7595,0.004233367741107941,0.007910516113042831,-1.0630669593811035,0.02577988989651203,0.04869899898767471,-6.462438106536865,0.02206464298069477,-0.0037430075462907553,0.00012185960804345086,0.0,3.8111438751220703,-0.0710221529006958,-0.025738630443811417,-0.2175224870443344,0.008695716969668865,0.016365205869078636,-1.0028711557388306,0.0,0.0,0.0,0.0,317.16131591796875,-105.28327941894531,-64.32597351074219,-1.5326296091079712,-0.9212933778762817,-0.18559116125106812,1.173830270767212,0.07248995453119278,0.31789761781692505
7.7695,0.0044951909221708775,0.008404610678553581,-1.1286739110946655,0.026580531150102615,0.050118207931518555,-6.658953666687012,0.02206464298069477,-0.0037430075462907553,0.00012185960804345086,0.0,3.8111438751220703,-0.0710221529006958,-0.025738630443811417,-0.2175224870443344,0.008695716969668865,0.016365205869078636,-1.0028711557388306,0.0,0.0,0.0,0.0,317.16131591796875,-105.28327941894531,-64.32597351074219,0.539122462272644,-1.4947447776794434,-1.1086528301239014,2.131532907485962,-1.193255066871643,-0.36567023396492004
7.7794,0.00476459925994277,0.008912527933716774,-1.1962456703186035,0.02730327472090721,0.05146561935544014,-6.85539436340332,0.02118200808763504,-0.006195083260536194,0.0013633131748065352,0.0,3.8111438751220703,0.06836160272359848,0.19827412068843842,-0.029425568878650665,0.0067664990201592445,0.015059839002788067,-1.002178430557251,0.0,0.0,0.0,0.0,317.16131591796875,-105.28327941894531,-64.32597351074219,1.575199842453003,-0.8070428371429443,-0.07376787066459656,-1.526434063911438,2.673628330230713,1.7489726543426514
7.7905,0.005040963180363178,0.00943454634398222,-1.2657818794250488,0.027970662340521812,0.05293702334165573,-7.0518364906311035,0.02118200808763504,-0.006195083260536194,0.0013633131748065352,0.0,3.8111438751220703,0.06836160272359848,0.19827412068843842,-0.029425568878650665,0.0067664990201592445,0.015059839002788067,-1.002178430557251,0.0,0.0,0.0,0.0,317.16131591796875,-105.28327941894531,-64.32597351074219,-0.14060203731060028,-0.7862251996994019,-1.235872745513916,-0.8744843602180481,-0.2128322571516037,-0.7148885130882263
7.7996,0.00532419653609395,0.0099714957177639,-1.3372817039489746,0.028676101937890053,0.054455507546663284,-7.248125076293945,0.02118200808763504,-0.006195083260536194,0.0013633131748065352,0.0,3.8111438751220703,0.06836160272359848,0.19827412068843842,-0.029425568878650665,0.0067664990201592445,0.015059839002788067,-1.002178430557251,0.0,0.0,0.0,0.0,317.16131591796875,-105.28327941894531,-64.32597351074219,-0.14060203731060028,-0.7862251996994019,-1.235872745513916,-0.2640334367752075,-0.08443114161491394,-0.21195201575756073
7.8105,0.005616386886686087,0.010523953475058079,-1.4107446670532227,0.029766738414764404,0.0560360923409462,-7.444456577301025,0.02118200808763504,-0.006195083260536194,0.0013633131748065352,0.0,3.8111438751220703,0.06836160272359848,0.19827412068843842,-0.029425568878650665,0.0067664990201592445,0.015059839002788067,-1.002178430557251,0.0,0.0,0.0,0.0,317.16131591796875,-105.28327941894531,-64.32597351074219,1.742863416671753,2.0470263957977295,1.9052460193634033,0.45640239119529724,-0.40055251121520996,-0.45765072107315063
7.8195,0.005919530522078276,0.011091611348092556,-1.4861719608306885,0.030866779386997223,0.05749449133872986,-7.641003608703613,0.02118200808763504,-0.006195083260536194,0.0013633131748065352,0.0,3.8111438751220703,0.06836160272359848,0.19827412068843842,-0.029425568878650665,0.0067664990201592445,0.015059839002788067,-1.002178430557251,0.0,0.0,0.0,0.0,317.16131591796875,-105.28327941894531,-64.32597351074219,0.5943973064422607,0.7805802226066589,0.8068594336509705,-0.8352575302124023,-1.5901436805725098,-1.9846245050430298
7.8295,0.006232968997210264,0.011674266308546066,-1.563564419746399,0.031825754791498184,0.05903765931725502,-7.837491035461426,0.024819903075695038,-0.003822752507403493,0.0026757465675473213,0.0,3.8111438751220703,0.041990410536527634,0.22681066393852234,0.016272524371743202,0.00804098229855299,0.01525773573666811,-1.0010757446289062,0.0,0.0,0.0,0.0,317.16131591796875,-105.28327941894531,-64.32597351074219,-1.7410002946853638,-1.6960045099258423,0.6492900252342224,0.7080700993537903,2.1250267028808594,-0.778335690498352
7.8397,0.006555549800395966,0.012272545136511326,-1.6429212093353271,0.03268548473715782,0.06062154099345207,-8.033868789672852,0.024819903075695038,-0.003822752507403493,0.0026757465675473213,0.0,3.8111438751220703,0.041990410536527634,0.22681066393852234,0.016272524371743202,0.00804098229855299,0.01525773573666811,-1.0010757446289062,0.0,0.0,0.0,0.0,317.16131591796875,-105.28327941894531,-64.32597351074219,0.9837654829025269,-1.3819037675857544,-0.2015649825334549,0.7346904277801514,1.1479371786117554,0.4119620621204376
7.8506,0.006886412855237722,0.012886043637990952,-1.724241852760315,0.03348959609866142,0.0620771124958992,-8.230263710021973,0.024819903075695038,-0.003822752507403493,0.0026757465675473213,0.0,3.8111438751220703,0.041990410536527634,0.22681066393852234,0.016272524371743202,0.00804098229855299,0.01525773573666811,-1.0010757446289062,0.0,0.0,0.0,0.0,317.16131591796875,-105.28327941894531,-64.32597351074219,-2.544266700744629,0.3666815757751465,0.8659231066703796,-0.160638228058815,0.25330132246017456,-0.4141625165939331
7.8595,0.007225789595395327,0.013514282181859016,-1.8075270652770996,0.03438373655080795,0.06357506662607193,-8.426788330078125,0.024819903075695038,-0.003822752507403493,0.0026757465675473213,0.0,3.8111438751220703,0.041990410536527634,0.22681066393852234,0.016272524371743202,0.00804098229855299,0.01525773573666811,-1.0010757446289062,0.0,0.0,0.0,0.0,317.16131591796875,-105.28327941894531,-64.32597351074219,-0.8226329684257507,-1.4347940683364868,-1.5260355472564697,1.2820587158203125,0.10908696800470352,-0.3354693651199341
7.8695,0.007573962211608887,0.014157930389046669,-1.8927775621414185,0.03524744138121605,0.06514733284711838,-8.623315811157227,0.024819903075695038,-0.003822752507403493,0.0026757465675473213,0.0,3.8111438751220703,0.041990410536527634,0.22681066393852234,0.016272524371743202,0.00804098229855299,0.01525773573666811,-1.0010757446289062,0.0,0.0,0.0,0.0,317.16131591796875,-105.28327941894531,-64.32597351074219,1.1652904748916626,0.6034259796142578,-0.8366972208023071,0.804480791091919,0.40445661544799805,2.5253400802612305
7.8795,0.007929829880595207,0.014817259274423122,-1.9799935817718506,0.035931337624788284,0.06671242415904999,-8.819890022277832,0.0306685883551836,-0.004156662616878748,0.004047743510454893,0.0,3.8111438751220703,0.020947705954313278,0.13903851807117462,0.21191097795963287,0.007064685225486755,0.013861165381968021,-1.0038576126098633,0.0,0.0,0.0,0.0,317.16131591796875,-105.28327941894531,-64.32597351074219,-1.6331489086151123,0.930720865726471,-0.4047272205352783,-0.18694552779197693,0.3294420838356018,0.9286081790924072
7.8896,0.008292374201118946,0.015491502359509468,-2.0691754817962646,0.03657817095518112,0.06813503056764603,-9.016485214233398,0.0306685883551836,-0.004156662616878748,0.004047743510454893,0.0,3.8111438751220703,0.020947705954313278,0.13903851807117462,0.21191097795963287,0.007064685225486755,0.013861165381968021,-1.0038576126098633,0.0,0.0,0.0,0.0,317.16131591796875,-105.28327941894531,-64.32597351074219,-0.12339019775390625,-1.268371820449829,-1.116965413093567,0.6105852723121643,0.4878162443637848,1.9186604022979736
7.8995,0.00866237934678793,0.016180768609046936,-2.160322427749634,0.037420760840177536,0.06971325725317001,-9.212898254394531,0.0306685883551836,-0.004156662616878748,0.004047743510454893,0.0,3.8111438751220703,0.020947705954313278,0.13903851807117462,0.21191097795963287,0.007064685225486755,0.013861165381968021,-1.0038576126098633,0.0,0.0,0.0,0.0,317.16131591796875,-105.28327941894531,-64.32597351074219,1.0443695783615112,-0.9219802021980286,0.7215384244918823,-0.5109901428222656,0.40359780192375183,-1.0454111099243164
7.9095,0.009040848352015018,0.016886377707123756,-2.2534334659576416,0.03827764093875885,0.07141198217868805,-9.409308433532715,0.0306685883551836,-0.004156662616878748,0.004047743510454893,0.0,3.8111438751220703,0.020947705954313278,0.13903851807117462,0.21191097795963287,0.007064685225486755,0.013861165381968021,-1.0038576126098633,0.0,0.0,0.0,0.0,317.16131591796875,-105.28327941894531,-64.32597351074219,1.81284499168396,-0.8875511884689331,0.6506074070930481,-1.3162606954574585,2.3234145641326904,0.8479574918746948
7.9195,0.009427342563867569,0.017607765272259712,-2.3485093116760254,0.039013709872961044,0.07286305725574493,-9.605868339538574,0.0306685883551836,-0.004156662616878748,0.004047743510454893,0.0,3.8111438751220703,0.020947705954313278,0.13903851807117462,0.21191097795963287,0.007064685225486755,0.013861165381968021,-1.0038576126098633,0.0,0.0,0.0,0.0,317.16131591796875,-105.28327941894531,-64.32597351074219,-1.5913985967636108,0.45561879873275757,-0.5127303600311279,0.6480137705802917,-2.1504762172698975,1.4616014957427979
7.9298,0.00986041221767664,0.018417933955788612,-2.4553627967834473,0.039733950048685074,0.07444561272859573,-9.822052955627441,0.03546834737062454,-0.00629531079903245,0.005579562857747078,0.0,3.8111438751220703,0.17958883941173553,-0.12529952824115753,-0.16154330968856812,0.004387903492897749,0.015482333488762379,-1.0025144815444946,0.0,0.0,0.0,0.0,317.16131591796875,-105.28327941894531,-64.32597351074219,-1.9970479011535645,0.013223618268966675,-1.5432785749435425,1.536270022392273,0.47941142320632935,0.27840444445610046
7.9394,0.0,0.0,0.0,0.0,0.0,0.0,0.03546834737062454,-0.00629531079903245,0.005579562857747078,0.0,3.8111438751220703,0.17958883941173553,-0.12529952824115753,-0.16154330968856812,0.004387903492897749,0.015482333488762379,-1.0025144815444946,0.0,0.0,0.0,0.0,317.16131591796875,-105.28327941894531,-64.32597351074219,-0.8965064287185669,1.4057036638259888,0.0940747857093811,1.1573930978775024,0.029039567336440086,-0.9061627388000488
7.9495,3.2337966331397183e-06,8.292445272672921e-06,-0.0009822543943300843,0.0006413619266822934,0.0016636514337733388,-0.19645047187805176,0.03546834737062454,-0.00629531079903245,0.005579562857747078,0.0,3.8111438751220703,0.17958883941173553,-0.12529952824115753,-0.16154330968856812,0.004387903492897749,0.015482333488762379,-1.0025144815444946,0.0,0.0,0.0,0.0,317.16131591796875,-105.28327941894531,-64.32597351074219,1.0914267301559448,1.3402334451675415,0.1642743945121765,0.6719667315483093,-1.3668431043624878,0.39263811707496643
7.9596,1.414466714777518e-05,3.257512435084209e-05,-0.003930035978555679,0.0015329401940107346,0.003195356111973524,-0.3931054472923279,0.03546834737062454,-0.00629531079903245,0.005579562857747078,0.0,3.8111438751220703,0.17958883941173553,-0.12529952824115753,-0.16154330968856812,0.004387903492897749,0.015482333488762379,-1.0025144815444946,0.0,0.0,0.0,0.0,317.16131591796875,-105.28327941894531,-64.32597351074219,0.29706642031669617,0.10152818262577057,-0.23613415658473969,-0.8328920006752014,-2.2161171436309814,-0.8288753628730774
7.9707,3.4562835935503244e-05,7.202004780992866e-05,-0.008844864554703236,0.0025508138351142406,0.00469325203448534,-0.5898599028587341,0.03546834737062454,-0.00629531079903245,0.005579562857747078,0.0,3.8111438751220703,0.17958883941173553,-0.12529952824115753,-0.16154330968856812,0.004387903492897749,0.015482333488762379,-1.0025144815444946,0.0,0.0,0.0,0.0,317.16131591796875,-105.28327941894531,-64.32597351074219,-1.0012534856796265,-0.344561368227005,0.3914756178855896,1.8756016492843628,3.5287442207336426,0.946843683719635
7.9795,6.453326204791665e-05,0.0001257746189367026,-0.01572670042514801,0.0034356326796114445,0.0060662017203867435,-0.7865067720413208,0.0021202429197728634,-0.003839364740997553,0.000585458124987781,0.0,3.8111438751220703,0.07145552337169647,-0.12913064658641815,-0.16055701673030853,0.006540314760059118,0.015714755281805992,-1.0007147789001465,0.0,0.0,0.0,0.0,317.16131591796875,-105.28327941894531,-64.32597351074219,0.5886569619178772,1.3238579034805298,0.07925353944301605,-0.326630175113678,-1.3209530115127563,-1.943812370300293
7.9897,0.00010221872798865661,0.0001938794448506087,-0.02457353100180626,0.004104741849005222,0.007556529715657234,-0.9828588962554932,0.0021202429197728634,-0.003839364740997553,0.000585458124987781,0.0,3.8111438751220703,0.07145552337169647,-0.12913064658641815,-0.16055701673030853,0.006540314760059118,0.015714755281805992,-1.0007147789001465,0.0,0.0,0.0,0.0,317.16131591796875,-105.28327941894531,-64.32597351074219,-0.7110794186592102,2.740135431289673,1.166720986366272,-0.18734343349933624,-2.5670411586761475,-1.480991244316101
7.9998,0.00014676495629828423,0.0002770689898170531,-0.03538338840007782,0.0048074135556817055,0.009079129435122013,-1.1791125535964966,0.0021202429197728634,-0.003839364740997553,0.000585458124987781,0.0,3.8111438751220703,0.07145552337169647,-0.12913064658641815,-0.16055701673030853,0.006540314760059118,0.015714755281805992,-1.0007147789001465,0.0,0.0,0.0,0.0,317.16131591796875,-105.28327941894531,-64.32597351074219,-0.6904873251914978,0.2824617028236389,1.1337233781814575,1.0209261178970337,-1.0474185943603516,-1.2865567207336426
8.0096,0.00019838813750538975,0.0003751869953703135,-0.04815673828125,0.005513373296707869,0.010545658878982067,-1.37555730342865,0.0021202429197728634,-0.003839364740997553,0.000585458124987781,0.0,3.8111438751220703,0.07145552337169647,-0.12913064658641815,-0.16055701673030853,0.006540314760059118,0.015714755281805992,-1.0007147789001465,0.0,0.0,0.0,0.0,317.16131591796875,-105.28327941894531,-64.32597351074219,-1.8461600542068481,-0.49154627323150635,0.8543509244918823,0.2635740637779236,0.3156476318836212,-2.4410464763641357
8.0195,0.0002579999272711575,0.0004877665778622031,-0.06289486587047577,0.006408370565623045,0.011975124478340149,-1.5720679759979248,0.0021202429197728634,-0.003839364740997553,0.000585458124987781,0.0,3.8111438751220703,0.07145552337169647,-0.12913064658641815,-0.16055701673030853,0.006540314760059118,0.015714755281805992,-1.0007147789001465,0.0,0.0,0.0,0.0,317.16131591796875,-105.28327941894531,-64.32597351074219,-0.6042082905769348,-0.6876605153083801,-0.44443368911743164,1.472779393196106,1.2565805912017822,0.28931954503059387
8.0305,0.00032559517421759665,0.0006152872228994966,-0.07959757000207901,0.0071125817485153675,0.01353107113391161,-1.76847243309021,0.006352001801133156,-0.005672696977853775,0.0034688771702349186,0.0,3.8111438751220703,-0.3018573522567749,0.1524452120065689,-0.09389562904834747,0.008014975115656853,0.016886314377188683,-1.003341555595398,0.0,0.0,0.0,0.0,317.16131591796875,-105.28327941894531,-64.32597351074219,-1.0030548572540283,0.9460349678993225,0.6411738395690918,-1.5419440269470215,1.2197644710540771,-1.0161079168319702
8.0396,0.00040067543159238994,0.0007590611930936575,-0.09826464205980301,0.007903211750090122,0.015221836045384407,-1.964941143989563,0.006352001801133156,-0.005672696977853775,0.0034688771702349186,0.0,3.8111438751220703,-0.3018573522567749,0.1524452120065689,-0.09389562904834747,0.008014975115656853,0.016886314377188683,-1.003341555595398,0.0,0.0,0.0,0.0,317.16131591796875,-105.28327941894531,-64.32597351074219,-1.450155258178711,0.5900689959526062,1.4854010343551636,1.468890905380249,-1.2034181356430054,-0.20342831313610077
8.0495,0.0004834256833419204,0.000918754143640399,-0.11889637261629105,0.008647479116916656,0.016713997349143028,-2.161404609680176,0.006352001801133156,-0.005672696977853775,0.0034688771702349186,0.0,3.8111438751220703,-0.3018573522567749,0.1524452120065689,-0.09389562904834747,0.008014975115656853,0.016886314377188683,-1.003341555595398,0.0,0.0,0.0,0.0,317.16131591796875,-105.28327941894531,-64.32597351074219,1.7316633462905884,-1.855494737625122,0.5716342926025391,-0.2961987555027008,0.7050963640213013,-0.21234619617462158
8.0595,0.0005746451788581908,0.0010933963349089026,-0.14149242639541626,0.009588418528437614,0.018210966140031815,-2.357806921005249,0.006352001801133156,-0.005672696977853775,0.0034688771702349186,0.0,3.8111438751220703,-0.3018573522567749,0.1524452120065689,-0.09389562904834747,0.008014975115656853,0.016886314377188683,-1.003341555595398,0.0,0.0,0.0,0.0,317.16131591796875,-105.28327941894531,-64.32597351074219,0.2852404713630676,0.5250084400177002,-1.3929048776626587,-0.7191886901855469,-0.19046476483345032,0.912792980670929
8.0696,0.0006745046703144908,0.0012828372418880463,-0.16605228185653687,0.010389743372797966,0.019680410623550415,-2.5541622638702393,0.006352001801133156,-0.005672696977853775,0.0034688771702349186,0.0,3.8111438751220703,-0.3018573522567749,0.1524452120065689,-0.09389562904834747,0.008014975115656853,0.016886314377188683,-1.003341555595398,0.0,0.0,0.0,0.0,317.16131591796875,-105.28327941894531,-64.32597351074219,-0.6593505144119263,0.6395644545555115,0.17320197820663452,-0.05330820381641388,-0.3565475046634674,1.4166706800460815
8.0796,0.0007819141610525548,0.001486123539507389,-0.19257675111293793,0.011095588095486164,0.02098063938319683,-2.750732183456421,0.0058145360089838505,-0.0058106062933802605,0.003235394135117531,0.0,3.8111438751220703,0.3812808394432068,-0.2762884497642517,-0.05634719878435135,0.008724013343453407,0.015016881749033928,-1.0035383701324463,0.0,0.0,0.0,0.0,317.16131591796875,-105.28327941894531,-64.32597351074219,-0.20683379471302032,-0.09099066257476807,0.36093029379844666,0.5660550594329834,-1.1032835245132446,-0.791619598865509
8.0896,0.0008967929752543569,0.0017029674490913749,-0.22106683254241943,0.011887622997164726,0.02239966206252575,-2.94728422164917,0.0058145360089838505,-0.0058106062933802605,0.003235394135117531,0.0,3.8111438751220703,0.3812808394432068,-0.2762884497642517,-0.05634719878435135,0.008724013343453407,0.015016881749033928,-1.0035383701324463,0.0,0.0,0.0,0.0,317.16131591796875,-105.28327941894531,-64.32597351074219,-0.040752336382865906,1.1668124198913574,-0.0016323179006576538,-0.5839722752571106,0.7254806756973267,-0.9036003351211548
8.0995,0.0010197651572525501,0.0019347284687682986,-0.25152188539505005,0.012700466439127922,0.023955782875418663,-3.143725633621216,0.0058145360089838505,-0.0058106062933802605,0.003235394135117531,0.0,3.8111438751220703,0.3812808394432068,-0.2762884497642517,-0.05634719878435135,0.008724013343453407,0.015016881749033928,-1.0035383701324463,0.0,0.0,0.0,0.0,317.16131591796875,-105.28327941894531,-64.32597351074219,-0.1938660889863968,-1.172553300857544,-0.44739657640457153,-0.34257441759109497,-0.41461873054504395,-1.6524304151535034
8.1096,0.0011500566033646464,0.0021810210309922695,-0.2839415669441223,0.013356579467654228,0.025306815281510353,-3.340210437774658,0.0058145360089838505,-0.0058106062933802605,0.003235394135117531,0.0,3.8111438751220703,0.3812808394432068,-0.2762884497642517,-0.05634719878435135,0.008724013343453407,0.015016881749033928,-1.0035383701324463,0.0,0.0,0.0,0.0,317.16131591796875,-105.28327941894531,-64.32597351074219,-0.9958966374397278,0.18455708026885986,-0.6092758774757385,0.8767744898796082,1.4408271312713623,0.6577854752540588
8.1195,0.0012864097952842712,0.00244161207228899,-0.31832656264305115,0.013916155323386192,0.026820320636034012,-3.5367860794067383,0.0058145360089838505,-0.0058106062933802605,0.003235394135117531,0.0,3.8111438751220703,0.3812808394432068,-0.2762884497642517,-0.05634719878435135,0.008724013343453407,0.015016881749033928,-1.0035383701324463,0.0,0.0,0.0,0.0,317.16131591796875,-105.28327941894531,-64.32597351074219,0.19576549530029297,-1.4776313304901123,-1.1266286373138428,1.127106785774231,0.5565080642700195,0.17143459618091583
8.1306,0.0014294448774307966,0.0027171403635293245,-0.35467660427093506,0.014685699716210365,0.028292879462242126,-3.7332205772399902,0.01590522937476635,-0.004556106403470039,0.005695757921785116,0.0,3.8111438751220703,0.0103841507807374,0.17046475410461426,0.23426201939582825,0.008241570554673672,0.012737954966723919,-1.0019105672836304,0.0,0.0,0.0,0.0,317.16131591796875,-105.28327941894531,-64.32597351074219,0.8419309258460999,-0.7969869375228882,-0.972553014755249,-0.7626025080680847,0.5851704478263855,1.0485525131225586
8.1395,0.001580388518050313,0.003006644081324339,-0.39299091696739197,0.015498795546591282,0.02960384450852871,-3.9296393394470215,0.01590522937476635,-0.004556106403470039,0.005695757921785116,0.0,3.8111438751220703,0.0103841507807374,0.17046475410461426,0.23426201939582825,0.008241570554673672,0.012737954966723919,-1.0019105672836304,0.0,0.0,0.0,0.0,317.16131591796875,-105.28327941894531,-64.32597351074219,1.6114017963409424,-0.6382619142532349,0.5390289425849915,-0.1948203295469284,0.19412446022033691,1.7026475667953491
8.1496,0.0017393110319972038,0.0033091853838413954,-0.4332692623138428,0.01628773845732212,0.030902467668056488,-4.1260294914245605,0.01590522937476635,-0.004556106403470039,0.005695757921785116,0.0,3.8111438751220703,0.0103841507807374,0.17046475410461426,0.23426201939582825,0.008241570554673672,0.012737954966723919,-1.0019105672836304,0.0,0.0,0.0,0.0,317.16131591796875,-105.28327941894531,-64.32597351074219,0.46077781915664673,-0.9501867890357971,-1.7147053480148315,0.5121435523033142,0.7738565802574158,0.4400663673877716
8.1596,0.0019059942569583654,0.0036248660180717707,-0.4755118489265442,0.017048722133040428,0.03223876282572746,-4.322490692138672,0.01590522937476635,-0.004556106403470039,0.005695757921785116,0.0,3.8111438751220703,0.0103841507807374,0.17046475410461426,0.23426201939582825,0.008241570554673672,0.012737954966723919,-1.0019105672836304,0.0,0.0,0.0,0.0,317.16131591796875,-105.28327941894531,-64.32597351074219,1.1815969944000244,1.0859743356704712,0.555573046207428,-0.4236036539077759,-0.2305428385734558,1.1434576511383057
8.1696,0.0020798619370907545,0.003954162821173668,-0.5197187662124634,0.017721349373459816,0.03361692652106285,-4.518893241882324,0.01590522937476635,-0.004556106403470039,0.005695757921785116,0.0,3.8111438751220703,0.0103841507807374,0.17046475410461426,0.23426201939582825,0.008241570554673672,0.012737954966723919,-1.0019105672836304,0.0,0.0,0.0,0.0,317.16131591796875,-105.28327941894531,-64.32597351074219,0.2309771478176117,-0.8917394876480103,-1.7087585926055908,0.2653388977050781,-1.0624197721481323,0.324440062046051
8.1795,0.0022609999869018793,0.0042979842983186245,-0.565890371799469,0.018505727872252464,0.035159144550561905,-4.715431213378906,0.018605738878250122,-0.008498087525367737,0.008486437611281872,0.0,3.8111438751220703,0.3820595443248749,0.11813125014305115,-0.16692118346691132,0.008677286095917225,0.01481305155903101,-1.0045613050460815,0.0,0.0,0.0,0.0,317.16131591796875,-105.28327941894531,-64.32597351074219,-0.6190178394317627,0.0660097748041153,0.7526475191116333,-0.7148547768592834,0.9566511511802673,-0.9891015291213989
8.1895,0.002450253814458847,0.004656989127397537,-0.6140278577804565,0.0193465705960989,0.036652833223342896,-4.912064552307129,0.018605738878250122,-0.008498087525367737,0.008486437611281872,0.0,3.8111438751220703,0.3820595443248749,0.11813125014305115,-0.16692118346691132,0.008677286095917225,0.01481305155903101,-1.0045613050460815,0.0,0.0,0.0,0.0,317.16131591796875,-105.28327941894531,-64.32597351074219,-1.5872724056243896,0.16085204482078552,-1.4272507429122925,0.748518705368042,1.2316421270370483,0.7665044069290161
8.1995,0.002647700486704707,0.005030295345932245,-0.6641308069229126,0.020142825320363045,0.038005489856004715,-5.108522415161133,0.018605738878250122,-0.008498087525367737,0.008486437611281872,0.0,3.8111438751220703,0.3820595443248749,0.11813125014305115,-0.16692118346691132,0.008677286095917225,0.01481305155903101,-1.0045613050460815,0.0,0.0,0.0,0.0,317.16131591796875,-105.28327941894531,-64.32597351074219,0.10238636285066605,0.9013260006904602,-0.9968055486679077,0.13426807522773743,-0.13381358981132507,0.3337426781654358
8.2096,0.0028533441945910454,0.0054175578989088535,-0.7161975502967834,0.020979732275009155,0.03944256901741028,-5.30482292175293,0.018605738878250122,-0.008498087525367737,0.008486437611281872,0.0,3.8111438751220703,0.3820595443248749,0.11813125014305115,-0.16692118346691132,0.008677286095917225,0.01481305155903101,-1.0045613050460815,0.0,0.0,0.0,0.0,317.16131591796875,-105.28327941894531,-64.32597351074219,-0.17759528756141663,1.5929309129714966,0.33810871839523315,0.07311253994703293,-1.7645914554595947,-0.2906132638454437
8.2194,0.0030679411720484495,0.005819419398903847,-0.7702279090881348,0.021937845274806023,0.04093431308865547,-5.501246452331543,0.018605738878250122,-0.008498087525367737,0.008486437611281872,0.0,3.8111438751220703,0.3820595443248749,0.11813125014305115,-0.16692118346691132,0.008677286095917225,0.01481305155903101,-1.0045613050460815,0.0,0.0,0.0,0.0,317.16131591796875,-105.28327941894531,-64.32597351074219,0.6089104413986206,3.9821901321411133,0.709031343460083,-1.0357162952423096,-2.28617787361145,-1.7338453531265259
8.2296,0.003291017608717084,0.0062356265261769295,-0.8262227177619934,0.022680506110191345,0.04230908304452896,-5.697720527648926,0.027650512754917145,-0.011757680214941502,0.008545470423996449,0.0,3.8111438751220703,-0.015093225985765457,0.02029690518975258,0.04188797250390053,0.006765315309166908,0.012308911420404911,-1.0036954879760742,0.0,0.0,0.0,0.0,317.16131591796875,-105.28327941894531,-64.32597351074219,0.3459072709083557,0.6402472853660583,-0.39915037155151367,-0.3291766345500946,-2.3044965267181396,-0.0005114124505780637
8.2395,0.0035210317000746727,0.006665128283202648,-0.8841826319694519,0.02332240156829357,0.043590057641267776,-5.894266128540039,0.027650512754917145,-0.011757680214941502,0.008545470423996449,0.0,3.8111438751220703,-0.015093225985765457,0.02029690518975258,0.04188797250390053,0.006765315309166908,0.012308911420404911,-1.0036954879760742,0.0,0.0,0.0,0.0,317.16131591796875,-105.28327941894531,-64.32597351074219,0.833164393901825,-0.8046126365661621,0.18974089622497559,-1.6307141780853271,0.6437123417854309,0.566336989402771
